county,dem_votes,precinct,rep_votes,total
APPLING,30,1A,155,185
APPLING,18,1A1,194,212
APPLING,111,1B,618,729
APPLING,41,1C,469,510
APPLING,6,1D,81,87
APPLING,796,2,353,1149
APPLING,11,3A,191,202
APPLING,125,3B,100,225
APPLING,286,3C,666,952
APPLING,15,4A,252,267
APPLING,9,4B,315,324
APPLING,13,4C,281,294
APPLING,80,4D,608,688
APPLING,86,5A,485,571
APPLING,102,5B,256,358
APPLING,29,5C,209,238
ATKINSON,226,Pearson County,856,1082
ATKINSON,62,Axson,395,457
ATKINSON,289,Willacoochee,509,798
ATKINSON,353,Pearson City,178,531
BACON,599,Douglas,1447,2046
BACON,79,New Lacy,620,699
BACON,54,Taylor,504,558
BACON,37,Ware,299,336
BACON,22,Warnock,223,245
BAKER,36,Anna,77,113
BAKER,175,Elmodel,134,309
BAKER,127,Hoggard Mill,84,211
BAKER,103,Milford,124,227
BAKER,353,Newton,366,719
BALDWIN,751,South Milledgeville,213,964
BALDWIN,284,City Hall Annex,133,417
BALDWIN,333,Boddie,136,469
BALDWIN,248,Courthouse,234,482
BALDWIN,611,Fire Dept,208,819
BALDWIN,668,North Milledgeville,634,1302
BALDWIN,624,Meriwether,1065,1689
BALDWIN,1067,East Baldwin,1267,2334
BALDWIN,253,Scottsboro,374,627
BALDWIN,636,North Baldwin,1614,2250
BALDWIN,615,West Baldwin,573,1188
BALDWIN,577,East Hardwick,112,689
BALDWIN,1515,West Hardwick,382,1897
BALDWIN,301,Coopers,644,945
BANKS,92,Anderson,643,735
BANKS,55,Baldwin,358,413
BANKS,15,Berlin,193,208
BANKS,47,Bushville,309,356
BANKS,22,Columbia,198,220
BANKS,127,Davids,702,829
BANKS,60,Golden Hill,377,437
BANKS,26,Grove River,279,305
BANKS,50,Hollingsworth,305,355
BANKS,93,Homer,617,710
BANKS,85,Poplar Springs,766,851
BANKS,43,Washington,324,367
BANKS,65,Wilmonts,283,348
BARROW,339,01 Bethlehem Community Center,1220,1559
BARROW,275,02 Bethabra Baptist Church,1557,1832
BARROW,279,03 Bramlett Elementary School,1252,1531
BARROW,262,04 Westside Middle School,1008,1270
BARROW,620,05 Fire Station 1 (Statham),1722,2342
BARROW,266,06 Winder Barrow High School,850,1116
BARROW,474,07 Statham Elementary School,946,1420
BARROW,288,08 Holsenbeck Elementary School,1217,1505
BARROW,370,09 Lions Club,1407,1777
BARROW,622,10 Leisure Services Center,670,1292
BARROW,402,11 Apalachee High School,1051,1453
BARROW,249,12 Midway United Methodist Church,1189,1438
BARROW,332,13 Winder Community Center,912,1244
BARROW,123,14 Cedar Creek Baptist Church,565,688
BARROW,259,15 County Line Elementary School,1390,1649
BARROW,868,16 Bethlehem First Baptist Church,1769,2637
BARTOW,635,ADAIRSVILLE,2466,3101
BARTOW,435,ALLATOONA,1412,1847
BARTOW,1078,CARTERSVILLE EAST,2105,3183
BARTOW,1140,CARTERSVILLE WEST,2769,3909
BARTOW,593,BEAVERS DRIVE,2225,2818
BARTOW,333,CENTER,1684,2017
BARTOW,321,EMERSON,1160,1481
BARTOW,409,EUHARLEE,1483,1892
BARTOW,62,FOLSOM,599,661
BARTOW,257,KINGSTON,1049,1306
BARTOW,704,MISSION ROAD,2251,2955
BARTOW,182,PINE LOG,1000,1182
BARTOW,215,TAYLORSVILLE,1284,1499
BARTOW,194,WHITE,1139,1333
BARTOW,977,ZENA DRIVE,1744,2721
BARTOW,710,CASSVILLE,1903,2613
BARTOW,151,WOODLAND HIGH,603,754
BEN HILL,1183,East,682,1865
BEN HILL,683,West,1458,2141
BEN HILL,15,Williamson Mill,96,111
BEN HILL,190,Special East,262,452
BEN HILL,441,Special West,898,1339
BERRIEN,62,West Berrien,529,591
BERRIEN,152,Ray City,448,600
BERRIEN,46,East Berrien,406,452
BERRIEN,634,Nashville,2241,2875
BERRIEN,64,Lois,292,356
BERRIEN,89,Enigma,446,535
BERRIEN,226,Alapaha,481,707
BIBB,1141,EAST MACON 1,21,1162
BIBB,1132,EAST MACON 2,57,1189
BIBB,1149,EAST MACON 3,76,1225
BIBB,1332,EAST MACON 4,601,1933
BIBB,1448,EAST MACON 5,52,1500
BIBB,1228,EAST MACON 6,304,1532
BIBB,1684,GODFREY 1,110,1794
BIBB,1016,GODFREY 2,64,1080
BIBB,1508,GODFREY 3,20,1528
BIBB,991,GODFREY 4,108,1099
BIBB,1245,GODFREY 5,157,1402
BIBB,1671,GODFREY 6,182,1853
BIBB,1260,GODFREY 7,166,1426
BIBB,1333,HAZZARD 1,131,1464
BIBB,1121,HAZZARD 2,1235,2356
BIBB,1632,HAZZARD 3,1051,2683
BIBB,345,HAZZARD 4,936,1281
BIBB,967,HAZZARD 5,115,1082
BIBB,910,HAZZARD 6,141,1051
BIBB,608,HAZZARD 7,974,1582
BIBB,371,HOWARD 1,745,1116
BIBB,681,HOWARD 2,1950,2631
BIBB,1350,HOWARD 3,1599,2949
BIBB,332,HOWARD 4,668,1000
BIBB,439,HOWARD 5,523,962
BIBB,486,HOWARD 6,915,1401
BIBB,508,HOWARD 7,1342,1850
BIBB,395,HOWARD 8,1635,2030
BIBB,1201,RUTLAND 1,2266,3467
BIBB,627,RUTLAND 2,1443,2070
BIBB,722,VINEVILLE 1,290,1012
BIBB,927,VINEVILLE 2,386,1313
BIBB,1639,VINEVILLE 3,130,1769
BIBB,1304,VINEVILLE 4,76,1380
BIBB,862,VINEVILLE 5,201,1063
BIBB,508,VINEVILLE 6,1010,1518
BIBB,758,VINEVILLE 7,1185,1943
BIBB,493,VINEVILLE 8,392,885
BIBB,553,WARRIOR 1,1064,1617
BIBB,708,WARRIOR 2,1302,2010
BLECKLEY,1269,FAIRGROUND,3587,4856
BRANTLEY,71,Lulaton,281,352
BRANTLEY,107,Atkinson,562,669
BRANTLEY,160,Waynesville,802,962
BRANTLEY,81,Hortense,424,505
BRANTLEY,74,Hickox,528,602
BRANTLEY,90,Hoboken,639,729
BRANTLEY,21,Schlatterville,312,333
BRANTLEY,97,Calvary,754,851
BRANTLEY,238,Nahunta,662,900
BROOKS,162,Grooverville,123,285
BROOKS,1739,Quitman,833,2572
BROOKS,64,Barwick/Drylake,143,207
BROOKS,271,Dixie,199,470
BROOKS,129,Barney,298,427
BROOKS,244,E.Brooks/Briggs,998,1242
BROOKS,114,Pavo/Williams,211,325
BROOKS,77,S.Brooks/Nankin,352,429
BROOKS,338,Morven,397,735
BRYAN,534,Pembroke,854,1388
BRYAN,308,Danielsiding,942,1250
BRYAN,225,Ellabell,717,942
BRYAN,330,Black Creek,953,1283
BRYAN,337,Ways Station,481,818
BRYAN,490,RH Rec Complex,862,1352
BRYAN,335,J.F. Gregory Park,1506,1841
BRYAN,464,Keller,1512,1976
BRYAN,270,HWY 144 East,1084,1354
BRYAN,414,Public Safety Complex,649,1063
BULLOCH,120,Lockhart,245,365
BULLOCH,434,Emit,1044,1478
BULLOCH,1813,Statesboro,1448,3261
BULLOCH,353,Portal,589,942
BULLOCH,1186,Fair,2208,3394
BULLOCH,1659,Church,1628,3287
BULLOCH,2021,Pittman Park,1265,3286
BULLOCH,96,Leefield,399,495
BULLOCH,270,Blitch,929,1199
BULLOCH,535,Hagin,779,1314
BULLOCH,347,Brooklet,1119,1466
BULLOCH,206,Stilson,778,984
BULLOCH,131,Bay,726,857
BULLOCH,164,Nevils,461,625
BULLOCH,41,Sinkhole,253,294
BULLOCH,217,Register,303,520
BURKE,126,Alexander,122,248
BURKE,455,Four Points,736,1191
BURKE,277,Girard,173,450
BURKE,201,Gough,83,284
BURKE,305,Greenscut,333,638
BURKE,146,Keysville,84,230
BURKE,177,Midville,126,303
BURKE,96,Munnerlyn,77,173
BURKE,303,Sardis,324,627
BURKE,133,Scotts Crossroads,53,186
BURKE,327,Telfair,243,570
BURKE,151,St. Clair,126,277
BURKE,124,Vidette,91,215
BURKE,1466,North Waynesboro,400,1866
BURKE,915,South Waynesboro,1198,2113
BURKE,203,Blakeney,132,335
BUTTS,1467,BUTTS CO COMM CENTER,1108,2575
BUTTS,601,JENKINSBURG,935,1536
BUTTS,165,STARK,1515,1680
BUTTS,557,TOWALIGA,1731,2288
BUTTS,178,WORTHVILLE,1017,1195
CALHOUN,1758,Appling,5233,6991
CALHOUN,930,Atkinson,1938,2868
CALHOUN,791,Bacon,3093,3884
CALHOUN,794,Baker,785,1579
CALHOUN,8483,Baldwin,7589,16072
CALHOUN,780,Banks,5354,6134
CALHOUN,6028,Barrow,18725,24753
CALHOUN,8396,Bartow,26876,35272
CALHOUN,2512,Ben Hill,3396,5908
CALHOUN,1273,Berrien,4843,6116
CALHOUN,38585,Bibb,25623,64208
CALHOUN,1269,Bleckley,3587,4856
CALHOUN,939,Brantley,4964,5903
CALHOUN,3138,Brooks,3554,6692
CALHOUN,3707,Bryan,9560,13267
CALHOUN,9593,Bulloch,14174,23767
CALHOUN,5405,Burke,4301,9706
CALHOUN,2968,Butts,6306,9274
CALHOUN,1298,Calhoun,883,2181
CALHOUN,6377,Camden,11343,17720
CALHOUN,1157,Candler,2344,3501
CALHOUN,12688,Carroll,28280,40968
CALHOUN,5365,Catoosa,17858,23223
CALHOUN,1197,Charlton,2527,3724
CALHOUN,60246,Chatham,47204,107450
CALHOUN,729,Chattahoochee,735,1464
CALHOUN,2232,Chattooga,5452,7684
CALHOUN,19841,Cherokee,76514,96355
CALHOUN,25431,Clarke,13815,39246
CALHOUN,862,Clay,537,1399
CALHOUN,81479,Clayton,14164,95643
CALHOUN,852,Clinch,1598,2450
CALHOUN,133124,Cobb,171722,304846
CALHOUN,5057,Coffee,9248,14305
CALHOUN,3973,Colquitt,9243,13216
CALHOUN,16451,Columbia,41765,58216
CALHOUN,2042,Cook,3935,5977
CALHOUN,15168,Coweta,39653,54821
CALHOUN,1706,Crawford,3368,5074
CALHOUN,3167,Crisp,4182,7349
CALHOUN,1411,Dade,4471,5882
CALHOUN,1241,Dawson,8847,10088
CALHOUN,4591,Decatur,5824,10415
CALHOUN,238224,DeKalb,64392,302616
CALHOUN,2442,Dodge,5214,7656
CALHOUN,2285,Dooly,1985,4270
CALHOUN,26295,Dougherty,11449,37744
CALHOUN,28441,Douglas,26241,54682
CALHOUN,2765,Early,2557,5322
CALHOUN,173,Echols,917,1090
CALHOUN,4947,Effingham,15596,20543
CALHOUN,3181,Elbert,4859,8040
CALHOUN,2927,Emanuel,5100,8027
CALHOUN,1268,Evans,2268,3536
CALHOUN,2028,Fannin,7857,9885
CALHOUN,19736,Fayette,38075,57811
CALHOUN,9640,Floyd,22733,32373
CALHOUN,14571,Forsyth,65908,80479
CALHOUN,1499,Franklin,6114,7613
CALHOUN,255470,Fulton,137124,392594
CALHOUN,1958,Gilmer,8926,10884
CALHOUN,176,Glascock,1135,1311
CALHOUN,11950,Glynn,20893,32843
CALHOUN,3440,Gordon,13197,16637
CALHOUN,3419,Grady,5924,9343
CALHOUN,3201,Greene,5071,8272
CALHOUN,132509,Gwinnett,159855,292364
CALHOUN,2301,Habersham,12166,14467
CALHOUN,12999,Hall,47481,60480
CALHOUN,3308,Hancock,769,4077
CALHOUN,1789,Haralson,8446,10235
CALHOUN,4145,Harris,11197,15342
CALHOUN,2870,Hart,6517,9387
CALHOUN,948,Heard,3160,4108
CALHOUN,43761,Henry,46774,90535
CALHOUN,22702,Houston,34662,57364
CALHOUN,1141,Irwin,2538,3679
CALHOUN,4238,Jackson,19135,23373
CALHOUN,1845,Jasper,4136,5981
CALHOUN,1275,Jeff Davis,3996,5271
CALHOUN,4261,Jefferson,2999,7260
CALHOUN,1488,Jenkins,1887,3375
CALHOUN,1305,Johnson,2440,3745
CALHOUN,4274,Jones,7744,12018
CALHOUN,2602,Lamar,4899,7501
CALHOUN,1114,Lanier,1820,2934
CALHOUN,7513,Laurens,11950,19463
CALHOUN,3196,Lee,10314,13510
CALHOUN,10457,Liberty,5565,16022
CALHOUN,1586,Lincoln,2807,4393
CALHOUN,1442,Long,2306,3748
CALHOUN,17470,Lowndes,21327,38797
CALHOUN,2055,Lumpkin,8647,10702
CALHOUN,3211,Macon,1545,4756
CALHOUN,2494,Madison,8443,10937
CALHOUN,1412,Marion,1733,3145
CALHOUN,4044,McDuffie,5475,9519
CALHOUN,2864,McIntosh,3409,6273
CALHOUN,4331,Meriwether,4856,9187
CALHOUN,852,Miller,1905,2757
CALHOUN,4081,Mitchell,4155,8236
CALHOUN,3785,Monroe,8361,12146
CALHOUN,1135,Montgomery,2662,3797
CALHOUN,2753,Morgan,6186,8939
CALHOUN,2542,Murray,8443,10985
CALHOUN,42573,Muscogee,27510,70083
CALHOUN,21851,Newton,20982,42833
CALHOUN,4421,Oconee,13098,17519
CALHOUN,1914,Oglethorpe,4251,6165
CALHOUN,15825,Paulding,40846,56671
CALHOUN,6148,Peach,5287,11435
CALHOUN,1975,Pickens,10547,12522
CALHOUN,1124,Pierce,5667,6791
CALHOUN,1356,Pike,6668,8024
CALHOUN,3615,Polk,9811,13426
CALHOUN,1219,Pulaski,2444,3663
CALHOUN,2926,Putnam,6215,9141
CALHOUN,612,Quitman,510,1122
CALHOUN,1559,Rabun,5754,7313
CALHOUN,1770,Randolph,1271,3041
CALHOUN,52560,Richmond,25845,78405
CALHOUN,22023,Rockdale,15716,37739
CALHOUN,448,Schley,1286,1734
CALHOUN,2774,Screven,3287,6061
CALHOUN,1478,Seminole,2245,3723
CALHOUN,9898,Spalding,14911,24809
CALHOUN,2131,Stephens,7221,9352
CALHOUN,1323,Stewart,745,2068
CALHOUN,6375,Sumter,5378,11753
CALHOUN,2265,Talbot,1202,3467
CALHOUN,636,Taliaferro,323,959
CALHOUN,1897,Tattnall,4706,6603
CALHOUN,1572,Taylor,1948,3520
CALHOUN,1805,Telfair,2480,4285
CALHOUN,2544,Terrell,1834,4378
CALHOUN,7653,Thomas,11156,18809
CALHOUN,4660,Tift,9185,13845
CALHOUN,2746,Toombs,6524,9270
CALHOUN,1273,Towns,4876,6149
CALHOUN,1074,Treutlen,1652,2726
CALHOUN,10547,Troup,15179,25726
CALHOUN,1510,Turner,2028,3538
CALHOUN,2270,Twiggs,1907,4177
CALHOUN,2139,Union,8773,10912
CALHOUN,3959,Upson,7230,11189
CALHOUN,5274,Walker,16247,21521
CALHOUN,8148,Walton,29036,37184
CALHOUN,3900,Ware,7941,11841
CALHOUN,1529,Warren,990,2519
CALHOUN,4714,Washington,4035,8749
CALHOUN,2596,Wayne,7557,10153
CALHOUN,582,Webster,601,1183
CALHOUN,772,Wheeler,1366,2138
CALHOUN,1671,White,8651,10322
CALHOUN,7210,Whitfield,19305,26515
CALHOUN,1060,Wilcox,2053,3113
CALHOUN,2087,Wilkes,2635,4722
CALHOUN,2181,Wilkinson,2246,4427
CALHOUN,2487,Worth,5869,8356
CAMDEN,216,Tarboro,381,597
CAMDEN,317,Waverly,521,838
CAMDEN,599,Woodbine,662,1261
CAMDEN,85,Browntown,327,412
CAMDEN,268,Harrietts Bluff,895,1163
CAMDEN,388,West Kingsland,1009,1397
CAMDEN,744,North Kingsland,558,1302
CAMDEN,421,Kingsland,677,1098
CAMDEN,968,East Kingsland,1829,2797
CAMDEN,369,North St Marys,378,747
CAMDEN,610,Mary Lee Clark,950,1560
CAMDEN,483,South St Marys,726,1209
CAMDEN,452,Mush Bluff,914,1366
CAMDEN,457,West Saint Marys,1516,1973
CANDLER,689,METTER 1685,1230,1919
CANDLER,468,CANDLER-1736,1114,1582
CARROLL,64,KANSAS (1006),530,594
CARROLL,444,BOWDON (1111),1142,1586
CARROLL,571,SANDHILL (1122),1575,2146
CARROLL,118,CENTER POINT (1152),852,970
CARROLL,116,LOWELL (1163),692,808
CARROLL,173,MT ZION (1240),748,921
CARROLL,151,BURWELL (1371),617,768
CARROLL,437,CLEM (1483),1594,2031
CARROLL,203,BOWDON JUNCTION (1496),468,671
CARROLL,163,TYUS (1533),857,1020
CARROLL,588,FAIRFIELD (1540),1612,2200
CARROLL,206,HULETT (1542),1013,1219
CARROLL,884,BETHANY (501),1273,2157
CARROLL,299,V R COUNTY SOUTH (640),1184,1483
CARROLL,742,V R COUNTY NORTH (641),1773,2515
CARROLL,1319,VILLA RICA CITY (642),1498,2817
CARROLL,403,TEMPLE COUNTY (649),1520,1923
CARROLL,506,TEMPLE CITY (650),1059,1565
CARROLL,190,WHITESBURG (682),889,1079
CARROLL,150,ROOPVILLE (713),729,879
CARROLL,1262,WEST CARROLLTON (714A1),310,1572
CARROLL,335,EAST CARROLLTON REC (714A2),531,866
CARROLL,705,BONNER (714A3),1170,1875
CARROLL,894,UNIVERSITY OF W. GA (714A4),763,1657
CARROLL,513,COUNTY ADMIN BLDG (714A5),725,1238
CARROLL,271,TABERNACLE CHURCH (714A6),523,794
CARROLL,296,EMC (714BN),511,807
CARROLL,328,OLD CAMP CHURCH (714BW),1029,1357
CARROLL,189,OAK GROVE (715),683,872
CARROLL,168,NEW HOPE (716),410,578
CATOOSA,183,BLACKSTOCK,689,872
CATOOSA,722,BOYNTON,2610,3332
CATOOSA,302,CATOOSA KEITH,1024,1326
CATOOSA,289,CHAMBERS,1154,1443
CATOOSA,295,DUNCAN PARK,880,1175
CATOOSA,539,FORT OGLETHORPE,1508,2047
CATOOSA,463,GRAYSVILLE,1652,2115
CATOOSA,455,LAKEVIEW,1218,1673
CATOOSA,460,POPLAR SPRINGS,1774,2234
CATOOSA,916,RINGGOLD,2953,3869
CATOOSA,382,WESTSIDE,1149,1531
CATOOSA,359,WOODSTATION,1247,1606
CHARLTON,435,Folkston Library,248,683
CHARLTON,384,Folkston,263,647
CHARLTON,33,Bend Fire Station,192,225
CHARLTON,37,St. George,346,383
CHARLTON,8,Traders Hill,70,78
CHARLTON,145,Homeland,707,852
CHARLTON,123,Folkston Fire Station,405,528
CHARLTON,7,Racepond,120,127
CHARLTON,25,Winokur,176,201
CHATHAM,1018,1-01 First Presbyterian Church,1156,2174
CHATHAM,595,1-05 JEA Building,650,1245
CHATHAM,452,1-06 Central Chur of Christ,931,1383
CHATHAM,355,1-08 Grace United Meth Chur,700,1055
CHATHAM,247,1-09 Immanuel Bapt Church,153,400
CHATHAM,184,1-10 Isle of Hope School,649,833
CHATHAM,300,1-12 Isle of Hope Baptist,1225,1525
CHATHAM,315,1-13 Cresthill Baptist,551,866
CHATHAM,338,1-14 St Luke Church,804,1142
CHATHAM,469,1-16 Ferguson Ave Baptist,1398,1867
CHATHAM,465,1-17 Islands Christian Church,1504,1969
CHATHAM,743,2-02 Blackshear Comm Ctr,156,899
CHATHAM,683,2-03 W. W. Law Center,107,790
CHATHAM,1815,2-04 Fellowship of Love,57,1872
CHATHAM,1025,2-05 Holy Spirit Lutheran,102,1127
CHATHAM,276,2-06 Riverside Baptist Church,35,311
CHATHAM,1212,2-07 Christ Comm. Church,212,1424
CHATHAM,1746,2-09 The Salvation Army,245,1991
CHATHAM,777,2-11 S Gardens Christian,107,884
CHATHAM,688,2-12 Williams Court Apts,83,771
CHATHAM,135,3-01 Old Courthouse,165,300
CHATHAM,514,3-02 Rose of Sharon,398,912
CHATHAM,399,3-03 Savannah High School,45,444
CHATHAM,847,3-04 First African Baptist,44,891
CHATHAM,765,3-05 Aldersgate Youth Cent,274,1039
CHATHAM,459,3-08 Jenkins High School,237,696
CHATHAM,140,3-09 Cokesbury Methodist,318,458
CHATHAM,1525,3-10 Bible Baptist Church,204,1729
CHATHAM,648,3-11 Southside Bapt Church,174,822
CHATHAM,537,3-12 Thunderbolt Muni. Complex,483,1020
CHATHAM,1179,3-13 New Cov 7 Day Adv Ch,415,1594
CHATHAM,1049,3-14 Riverview Health Reh,258,1307
CHATHAM,239,3-15 Eli Whitney Complex,254,493
CHATHAM,454,4-02 Frank Murray Comm Ct,826,1280
CHATHAM,420,4-04 Lighthouse Baptist Ch,1142,1562
CHATHAM,371,4-05 St Francis Episcopal,1104,1475
CHATHAM,371,4-06 First Baptist Church,1106,1477
CHATHAM,511,4-07 Wilm Is Un Meth Ch,1194,1705
CHATHAM,493,4-08 Wilmington Island Pr,1659,2152
CHATHAM,383,4-10 Guard House Comm Ctr,653,1036
CHATHAM,402,4-11 Tybee Island School Cafe,715,1117
CHATHAM,386,4-12 St Peters Episcopal,1238,1624
CHATHAM,347,4-13 Skid Is Pres Church,1509,1856
CHATHAM,272,4-14 Skidaway Island Uni Meth,1130,1402
CHATHAM,299,4-15 Skidaway Island Stat,1061,1360
CHATHAM,430,5-01 Bartlett Middle Sch,142,572
CHATHAM,361,5-02 Senior Citizens Cent,37,398
CHATHAM,569,5-03 Butler Presbyterian,5,574
CHATHAM,1622,5-05 Liberty City Comm Ctr,7,1629
CHATHAM,1110,5-06 Wildwood United Meth,120,1230
CHATHAM,723,5-07 Elks Lodge,273,996
CHATHAM,685,5-08 Savannah Primitive,311,996
CHATHAM,2035,5-10 Jonesville Bapt Church,59,2094
CHATHAM,1049,5-11 Largo-Tibet Elem,335,1384
CHATHAM,609,6-01 White Bluff Pres Chr,395,1004
CHATHAM,581,6-02 Windsor Forest Baptist,998,1579
CHATHAM,889,6-03 Crusader Comm Ctr,700,1589
CHATHAM,655,6-05 Windsor Forest Golde,420,1075
CHATHAM,350,6-06 The Light,441,791
CHATHAM,705,6-08 St. Francis Cabrini,326,1031
CHATHAM,950,6-09 Trinity Lutheran Ch,953,1903
CHATHAM,1167,6-10 Georgetown Elem,1243,2410
CHATHAM,1090,6-11 Bamboo Farms,688,1778
CHATHAM,297,7-01 Garden City Senior Ctr,522,819
CHATHAM,194,7-03 P B Edwards Gym,498,692
CHATHAM,1106,7-04 Lake Shore Comm Ctr,558,1664
CHATHAM,381,7-05 Woodlawn Bapt Ch,297,678
CHATHAM,579,7-06 Pooler City Hall,826,1405
CHATHAM,1107,7-07 Rothwell Bapt Ch,1964,3071
CHATHAM,262,7-08 Bloomingdale Com Ctr,1047,1309
CHATHAM,548,7-09 Southwest Baptist Ch,604,1152
CHATHAM,962,7-10 Progressive Rec Ctr,694,1656
CHATHAM,689,7-11 Seventh Day Adv Chr,657,1346
CHATHAM,1126,7-12 Risen Savior Chr,1317,2443
CHATHAM,402,7-13 Garden City City Hall,1217,1619
CHATHAM,2144,7-14 Coastal Cathedral,1169,3313
CHATHAM,328,8-01 Civic Center,108,436
CHATHAM,647,8-02 Bull Street Baptist,129,776
CHATHAM,143,8-03 Silk Hope Bapt Ch,264,407
CHATHAM,726,8-05 W Broad St YMCA,11,737
CHATHAM,536,8-06 Tompkins Rec Ctr,7,543
CHATHAM,360,8-07 Woodville-Tompkins,5,365
CHATHAM,967,8-08 Resur Of Our Lord Ch,17,984
CHATHAM,719,8-09 Moses Jackson Ctr,11,730
CHATHAM,1126,8-10 Carver Heights Comm,3,1129
CHATHAM,1051,8-11 Butler Elem School,5,1056
CHATHAM,474,8-12 Beach High School,85,559
CHATHAM,152,8-13 Savannah Christ. Sch,245,397
CHATHAM,792,8-15 Garden City Rec Ctr,60,852
CHATTAHOOCHEE,729,Chattahoochee Acvitity Center,735,1464
CHATTOOGA,62,CLOUDLAND,131,193
CHATTOOGA,74,PENNVILLE,220,294
CHATTOOGA,65,COLDWATER,84,149
CHATTOOGA,21,DIRTSELLER,100,121
CHATTOOGA,19,HAYWOOD,76,95
CHATTOOGA,155,LYERLY,365,520
CHATTOOGA,425,TRION,1334,1759
CHATTOOGA,1001,SUMMERVILLE,1758,2759
CHATTOOGA,52,TELOGA,272,324
CHATTOOGA,156,DIRTTOWN,399,555
CHATTOOGA,17,SEMINOLE,69,86
CHATTOOGA,56,SUBLIGNA,252,308
CHATTOOGA,129,ALPINE,392,521
CHEROKEE,382,AIR ACRES,1211,1593
CHEROKEE,472,ARNOLD MILL,2216,2688
CHEROKEE,218,AVERY,1587,1805
CHEROKEE,246,BALL GROUND,1582,1828
CHEROKEE,593,BASCOMB,2052,2645
CHEROKEE,773,BELLS,1610,2383
CHEROKEE,565,BOOTH,2133,2698
CHEROKEE,394,BRADSHAW,2322,2716
CHEROKEE,520,BRIDGEMILL,2488,3008
CHEROKEE,716,CANTON,2058,2774
CHEROKEE,630,CARMEL,1398,2028
CHEROKEE,780,WOODSTOCK,1523,2303
CHEROKEE,182,CLAYTON,1439,1621
CHEROKEE,52,CONNS CREEK,420,472
CHEROKEE,405,DEER RUN,1417,1822
CHEROKEE,799,DIXIE,2139,2938
CHEROKEE,419,FREEHOME,2702,3121
CHEROKEE,580,HICKORY FLAT,2320,2900
CHEROKEE,252,HIGHTOWER,1663,1915
CHEROKEE,419,HILLSIDE,1724,2143
CHEROKEE,240,HOLLY SPRINGS,1101,1341
CHEROKEE,664,KELLOGG,1961,2625
CHEROKEE,1052,LIBERTY,2979,4031
CHEROKEE,1032,LITTLE RIVER,2687,3719
CHEROKEE,393,MACEDONIA,2098,2491
CHEROKEE,359,MOUNTAIN ROAD,1568,1927
CHEROKEE,918,NEESE,2913,3831
CHEROKEE,388,OAK GROVE,1536,1924
CHEROKEE,209,R M MOORE,1558,1767
CHEROKEE,313,R T JONES,902,1215
CHEROKEE,441,ROSECREEK,2020,2461
CHEROKEE,48,SALACOA,332,380
CHEROKEE,352,SIXES,1533,1885
CHEROKEE,198,SUTALLEE,1164,1362
CHEROKEE,757,TEASLEY,3278,4035
CHEROKEE,662,TOONIGH,2782,3444
CHEROKEE,339,UNION HILL,1983,2322
CHEROKEE,487,UNIVETER,2599,3086
CHEROKEE,339,VICTORIA,1394,1733
CHEROKEE,286,WALESKA,1139,1425
CHEROKEE,347,WILDCAT,1551,1898
CHEROKEE,620,WOODLANDS,1432,2052
CLARKE,897,1A Wville Train Depot,664,1561
CLARKE,1273,1B E. Athens Baptist,825,2098
CLARKE,797,1C Barnett Shls School,608,1405
CLARKE,1100,1D Whit Davis School,829,1929
CLARKE,1593,2A Judia J. Harris Sch,289,1882
CLARKE,1969,2B Howard Stroud School,196,2165
CLARKE,1046,3A Clarke Central High,101,1147
CLARKE,1659,3B Thomas N. Lay Park,620,2279
CLARKE,510,4A Athens Transit Ctr,206,716
CLARKE,1320,4B Memorial Park,723,2043
CLARKE,1001,5A Oglethorpe School,700,1701
CLARKE,1125,5B Whitehead Rd School,566,1691
CLARKE,1014,5C Chase Street School,181,1195
CLARKE,1071,5D ACC Fleet Mgt Bldg,350,1421
CLARKE,905,6A Cleveland Rd School,849,1754
CLARKE,1307,6B Board Of Education,953,2260
CLARKE,839,6C Timothy Rd Elem Schl,881,1720
CLARKE,646,6D Firestation #4,350,996
CLARKE,837,7A Timothy Bptst Church,761,1598
CLARKE,910,7B Alps Elem. School,721,1631
CLARKE,734,7C Firestation #3,733,1467
CLARKE,1107,8A Gaines School,642,1749
CLARKE,744,8B Cedar Shls High Sch,458,1202
CLARKE,1027,8C Firestation #7,609,1636
CLAY,99,Bluffton,132,231
CLAY,183,Zetto,69,252
CLAY,219,Courthouse,47,266
CLAY,205,Old Head Start,111,316
CLAY,156,Days Cross Roads,178,334
CLAYTON,3313,ELLENWOOD,239,3552
CLAYTON,1000,FOREST PARK 1,304,1304
CLAYTON,1000,FOREST PARK 2,234,1234
CLAYTON,850,FOREST PARK 3,250,1100
CLAYTON,621,FOREST PARK 4,328,949
CLAYTON,1286,FOREST PARK 5,316,1602
CLAYTON,497,FOREST PARK 6,220,717
CLAYTON,2371,JONESBORO 1,217,2588
CLAYTON,2179,JONESBORO 2,92,2271
CLAYTON,1738,JONESBORO 3,394,2132
CLAYTON,882,JONESBORO 4,187,1069
CLAYTON,839,JONESBORO 5,329,1168
CLAYTON,696,JONESBORO 6,973,1669
CLAYTON,1465,JONESBORO 7,402,1867
CLAYTON,1634,JONESBORO 8,138,1772
CLAYTON,489,JONESBORO 9,144,633
CLAYTON,1381,JONESBORO 10,177,1558
CLAYTON,1670,JONESBORO 11,614,2284
CLAYTON,1359,JONESBORO 12,116,1475
CLAYTON,840,JONESBORO 13,195,1035
CLAYTON,1786,JONESBORO 14,987,2773
CLAYTON,1125,JONESBORO 15,148,1273
CLAYTON,978,JONESBORO 16,144,1122
CLAYTON,2259,JONESBORO 17,176,2435
CLAYTON,1401,JONESBORO 18,244,1645
CLAYTON,1175,LAKE CITY,181,1356
CLAYTON,1722,LOVEJOY 1,360,2082
CLAYTON,1482,LOVEJOY 2,198,1680
CLAYTON,2535,LOVEJOY 3,640,3175
CLAYTON,2100,LOVEJOY 4,237,2337
CLAYTON,1449,LOVEJOY 5,151,1600
CLAYTON,1364,MORROW 1,153,1517
CLAYTON,631,MORROW 2,443,1074
CLAYTON,1948,MORROW 3,365,2313
CLAYTON,790,MORROW 4,242,1032
CLAYTON,2427,MORROW 5,442,2869
CLAYTON,1287,MORROW 6,270,1557
CLAYTON,848,MORROW 7,211,1059
CLAYTON,1561,MORROW 8,112,1673
CLAYTON,650,MORROW 9,133,783
CLAYTON,1119,OAK 1,25,1144
CLAYTON,628,OAK 2,39,667
CLAYTON,1935,OAK 3,52,1987
CLAYTON,1659,OAK 4,54,1713
CLAYTON,1569,PANHANDLE 1,246,1815
CLAYTON,1106,PANHANDLE 2,545,1651
CLAYTON,1408,RIVERDALE 1,108,1516
CLAYTON,1691,RIVERDALE 2,64,1755
CLAYTON,1849,RIVERDALE 3,91,1940
CLAYTON,2047,RIVERDALE 4,224,2271
CLAYTON,1557,RIVERDALE 5,95,1652
CLAYTON,1338,RIVERDALE 6,242,1580
CLAYTON,962,RIVERDALE 7,143,1105
CLAYTON,1553,RIVERDALE 8,173,1726
CLAYTON,1362,RIVERDALE 9,152,1514
CLAYTON,1263,RIVERDALE 10,27,1290
CLAYTON,1119,RIVERDALE 11,70,1189
CLAYTON,1686,RIVERDALE 12,108,1794
CLINCH,6,Arabia,61,67
CLINCH,48,Argyle,159,207
CLINCH,73,Dupont,109,182
CLINCH,32,Fargo,126,158
CLINCH,693,Homerville,1143,1836
COBB,1226,Acworth 1A,1635,2861
COBB,941,Acworth 1B,1537,2478
COBB,1300,Acworth 1C,1218,2518
COBB,500,Addison 01,971,1471
COBB,1883,Austell 1A,551,2434
COBB,741,Bells Ferry 02,1172,1913
COBB,1123,Bells Ferry 03,2326,3449
COBB,522,Big Shanty 01,961,1483
COBB,642,Big Shanty 02,1307,1949
COBB,1133,Baker 01,1379,2512
COBB,766,Birney 01,651,1417
COBB,1198,Birney 02,1154,2352
COBB,1243,Bryant 01,73,1316
COBB,2500,Bryant 02,114,2614
COBB,558,Blackwell 01,939,1497
COBB,1995,Chattahoochee 01,881,2876
COBB,530,Cheatham Hill 02,1476,2006
COBB,912,Cheatham Hill 03,1745,2657
COBB,976,Chalker 01,1160,2136
COBB,532,Clarkdale 01,462,994
COBB,1956,Clarkdale 02,1028,2984
COBB,1955,Cooper 01,730,2685
COBB,540,Chestnut Ridge 01,1715,2255
COBB,601,Dickerson 01,1403,2004
COBB,1508,Dobbins 01,357,1865
COBB,811,Dowell 01,1316,2127
COBB,379,Dodgen 01,1083,1462
COBB,534,Durham 01,2187,2721
COBB,423,Davis 01,941,1364
COBB,556,Eastside 01,1504,2060
COBB,859,Eastside 02,2017,2876
COBB,913,Elizabeth 01,787,1700
COBB,492,Elizabeth 02,936,1428
COBB,422,Elizabeth 03,935,1357
COBB,785,Elizabeth 04,760,1545
COBB,735,Elizabeth 05,1203,1938
COBB,640,East Piedmont 01,772,1412
COBB,1530,Fair Oaks 01,660,2190
COBB,1497,Fair Oaks 02,686,2183
COBB,638,Fair Oaks 04,487,1125
COBB,477,Fair Oaks 05,306,783
COBB,733,Fullers Park 01,1588,2321
COBB,400,Ford 01,1640,2040
COBB,388,Frey 01,1139,1527
COBB,585,Garrison Mill 01,1307,1892
COBB,496,Gritters 01,950,1446
COBB,2421,Harmony-Leland 01,840,3261
COBB,372,Harrison 01,1477,1849
COBB,645,Hightower 01,1599,2244
COBB,646,Hayes 01,1949,2595
COBB,435,Kennesaw 1A,640,1075
COBB,1360,Kennesaw 2A,944,2304
COBB,848,Kennesaw 2B,1348,2196
COBB,358,Kennesaw 3A,475,833
COBB,602,Kennesaw 4A,842,1444
COBB,705,Kennesaw 5A,1336,2041
COBB,937,Kennesaw 5B,1149,2086
COBB,408,Kell 01,946,1354
COBB,309,Kemp 01,1046,1355
COBB,811,Kemp 02,1695,2506
COBB,248,Kemp 03,1128,1376
COBB,573,Lassiter 01,1778,2351
COBB,1743,Lindley 01,1134,2877
COBB,541,Lost Mountain 01,1656,2197
COBB,501,Lost Mountain 02,2322,2823
COBB,740,Lost Mountain 03,2007,2747
COBB,392,Lost Mountain 04,1308,1700
COBB,293,Lewis 01,735,1028
COBB,1696,Mableton 01,1156,2852
COBB,895,Mableton 02,555,1450
COBB,787,Mableton 03,959,1746
COBB,353,Mableton 04,702,1055
COBB,287,Mabry 01,966,1253
COBB,1415,Macland 01,773,2188
COBB,789,Murdock 01,1928,2717
COBB,848,McEachern 01,1017,1865
COBB,372,McCleskey 01,867,1239
COBB,260,McClure 01,825,1085
COBB,1191,Marietta 1A,396,1587
COBB,723,Marietta 2A,1155,1878
COBB,1624,Marietta 2B,1266,2890
COBB,1257,Marietta 3A,1177,2434
COBB,321,Marietta 4A,1244,1565
COBB,702,Marietta 4B,802,1504
COBB,618,Marietta 4C,1465,2083
COBB,766,Marietta 5A,299,1065
COBB,750,Marietta 5B,304,1054
COBB,874,Marietta 6A,272,1146
COBB,719,Marietta 6B,1092,1811
COBB,1266,Marietta 7A,313,1579
COBB,363,Mars Hill 01,1567,1930
COBB,587,Mars Hill 02,1014,1601
COBB,748,Mt Bethel 01,2163,2911
COBB,588,Mt Bethel 03,1362,1950
COBB,564,Mt Bethel 04,1573,2137
COBB,494,North Cobb 01,825,1319
COBB,1504,Nickajack 01,952,2456
COBB,1156,Norton Park 01,1178,2334
COBB,543,Nicholson 01,1051,1594
COBB,989,Oakdale 01,1309,2298
COBB,324,Oregon 01,832,1156
COBB,1275,Oregon 02,638,1913
COBB,1106,Oregon 03,673,1779
COBB,1366,Oregon 04,479,1845
COBB,1115,Oregon 05,1309,2424
COBB,1180,Oregon 06,619,1799
COBB,2294,Pebblebrook 01,559,2853
COBB,811,Powers Ferry 01,1367,2178
COBB,388,Pine Mountain 01,1624,2012
COBB,307,Pine Mountain 02,1641,1948
COBB,601,Post Oak 01,1783,2384
COBB,632,Pope 01,1444,2076
COBB,524,Palmer 01,1149,1673
COBB,1722,Powder Springs 1A,1184,2906
COBB,1278,Powder Springs 2A,339,1617
COBB,1195,Powder Springs 3A,697,1892
COBB,365,Pitner 01,823,1188
COBB,644,Rocky Mount 01,1604,2248
COBB,297,Red Rock 01,1403,1700
COBB,918,Riverside 01,88,1006
COBB,622,Roswell 01,1473,2095
COBB,756,Roswell 02,1812,2568
COBB,629,Sandy Plains 01,1117,1746
COBB,694,Shallowford Falls 01,1616,2310
COBB,383,Simpson 01,924,1307
COBB,671,Sewell Mill 01,1537,2208
COBB,1211,Sewell Mill 03,1352,2563
COBB,1433,Smyrna 1A,629,2062
COBB,901,Smyrna 2A,598,1499
COBB,843,Smyrna 2B,288,1131
COBB,1207,Smyrna 3A,849,2056
COBB,1325,Smyrna 4A,1347,2672
COBB,1215,Smyrna 5A,749,1964
COBB,1607,Smyrna 6A,1697,3304
COBB,774,Smyrna 7A,1406,2180
COBB,2105,Smyrna 7B,1996,4101
COBB,468,Sope Creek 01,1142,1610
COBB,1015,Sope Creek 02,1847,2862
COBB,469,Sope Creek 03,1397,1866
COBB,1008,Sweetwater 01,952,1960
COBB,1166,Sweetwater 02,435,1601
COBB,524,Sprayberry 01,1084,1608
COBB,1849,Terrell Mill 01,1011,2860
COBB,516,Timber Ridge 01,1309,1825
COBB,708,Tritt 01,1827,2535
COBB,451,Vaughan 01,1703,2154
COBB,500,Vinings 01,603,1103
COBB,1820,Vinings 02,1444,3264
COBB,1282,Vinings 03,1255,2537
COBB,738,Vinings 04,1567,2305
COBB,714,Wade Green 01,1227,1941
COBB,615,Wade Green 02,735,1350
COBB,552,Willeo 01,1509,2061
COFFEE,3835,Douglas,5839,9674
COFFEE,304,Ambrose,925,1229
COFFEE,70,Bridgetown,141,211
COFFEE,435,Broxton,1042,1477
COFFEE,331,Nicholls,758,1089
COFFEE,82,West Green,543,625
COLQUITT,1360,Shaw,305,1665
COLQUITT,998,Moultrie,1552,2550
COLQUITT,161,Autreyville,564,725
COLQUITT,77,Bridgecreek,589,666
COLQUITT,48,Crosland,101,149
COLQUITT,178,Doerun,234,412
COLQUITT,92,Funston,545,637
COLQUITT,74,Hamilton,351,425
COLQUITT,20,Hartsfield,230,250
COLQUITT,134,Hopewell,744,878
COLQUITT,85,Lee,465,550
COLQUITT,17,Millcreek,224,241
COLQUITT,155,Monk,666,821
COLQUITT,55,Murphy,549,604
COLQUITT,315,Norman Park,915,1230
COLQUITT,102,Robinson,407,509
COLQUITT,28,Thigpen,124,152
COLQUITT,14,Tyty,220,234
COLQUITT,60,Warrior,458,518
COLUMBIA,175,Kiokee Baptist Church,1416,1591
COLUMBIA,612,Lewis Methodist Church,1607,2219
COLUMBIA,145,Woodlawn Baptist Church,658,803
COLUMBIA,669,Patriots Park,1503,2172
COLUMBIA,283,Harlem Middle School,818,1101
COLUMBIA,449,Harlem Baptist Church,474,923
COLUMBIA,188,Bessie Thomas Center,1004,1192
COLUMBIA,334,Philadelphia Church,644,978
COLUMBIA,805,Grovetown City Hall,878,1683
COLUMBIA,627,Grovetown Methodist Church,496,1123
COLUMBIA,244,G A Apostolic Church,697,941
COLUMBIA,937,Grovetown Middle School,1006,1943
COLUMBIA,210,Eubank/Blanchard Center,585,795
COLUMBIA,329,G W Jones Center,152,481
COLUMBIA,77,Damascus Baptist Church,544,621
COLUMBIA,339,Col Cty Bd Of Edu,965,1304
COLUMBIA,217,Greenbrier High,1005,1222
COLUMBIA,529,Redeemer Church,1671,2200
COLUMBIA,239,Riverside Elementary,697,936
COLUMBIA,710,Grace Baptist Church,1205,1915
COLUMBIA,406,Christ Sanctified,1152,1558
COLUMBIA,248,Blanchard Park,839,1087
COLUMBIA,434,Mtz Col Fire Dept #4,731,1165
COLUMBIA,414,Brookwood Elementary,1017,1431
COLUMBIA,374,Marvin Methodist Church,850,1224
COLUMBIA,241,Westside Bapt Church,903,1144
COLUMBIA,173,Trinity Bapt Church,577,750
COLUMBIA,364,Abilene Baptist,978,1342
COLUMBIA,358,Augusta Christian,1026,1384
COLUMBIA,252,Stevens Creek Elem,946,1198
COLUMBIA,206,Savannah Rapids,947,1153
COLUMBIA,312,Gospel Water Branch,654,966
COLUMBIA,263,Genesis Church,1007,1270
COLUMBIA,209,Stevens Creek Church,618,827
COLUMBIA,230,Mtz Col Fire Hdqtr,511,741
COLUMBIA,333,Lakeside Middle,878,1211
COLUMBIA,334,Martinez Baptist,721,1055
COLUMBIA,278,Gold Cross EMS,1039,1317
COLUMBIA,517,Church of our Savior,928,1445
COLUMBIA,420,West Acres Baptist,1219,1639
COLUMBIA,97,Journey Comm. Church,514,611
COLUMBIA,220,Wesley Methodist,813,1033
COLUMBIA,357,Col Cty Main Library,831,1188
COLUMBIA,555,Bible Cathedral,1977,2532
COLUMBIA,392,Blue Ridge Elementary,999,1391
COLUMBIA,346,Christ The King Luth Ch,1065,1411
COOK,523,Cecil,488,1011
COOK,325,Delle Beamguard,1038,1363
COOK,347,Elm Pine,12,359
COOK,220,Lenox,526,746
COOK,77,Massee,434,511
COOK,114,New Life Bapt. Church,607,721
COOK,93,Riverbend,630,723
COOK,343,Sparks,200,543
COWETA,617,SENOIA,2139,2756
COWETA,239,MORELAND,1194,1433
COWETA,159,PINE ROAD,942,1101
COWETA,103,DRESDEN,413,516
COWETA,1129,NEWNAN,731,1860
COWETA,481,SHARPSBURG,2170,2651
COWETA,527,FISCHER ROAD,1818,2345
COWETA,519,CEDAR CREEK,2431,2950
COWETA,431,GRANTVILLE,872,1303
COWETA,231,HARALSON,983,1214
COWETA,368,WELCOME,1492,1860
COWETA,386,PANTHER CREEK,1260,1646
COWETA,241,RAYMOND,1128,1369
COWETA,469,TURIN,1614,2083
COWETA,630,SMOKEY ROAD,724,1354
COWETA,245,TURKEY CREEK,294,539
COWETA,1040,CENTRAL,293,1333
COWETA,1720,ARTS CENTRE,5011,6731
COWETA,502,GREENTOP,1093,1595
COWETA,259,EXPO CENTER,892,1151
COWETA,715,WHITE OAK,2152,2867
COWETA,621,MADRAS,1758,2379
COWETA,372,CANNONGATE,2031,2403
COWETA,386,WESTSIDE,148,534
COWETA,462,NORTHSIDE,1002,1464
COWETA,610,THOMAS CROSSROADS,2550,3160
COWETA,177,EBENEZER CHURCH ROAD,855,1032
COWETA,1529,JEFFERSON PARKWAY,1663,3192
CRAWFORD,154,1A,133,287
CRAWFORD,456,1B,244,700
CRAWFORD,574,2,566,1140
CRAWFORD,192,3,775,967
CRAWFORD,163,4,822,985
CRAWFORD,167,5,828,995
CRISP,92,Arabi,343,435
CRISP,62,Coney,507,569
CRISP,2885,Cordele,2166,5051
CRISP,73,Jamestown,702,775
CRISP,55,Listonia,464,519
DADE,139,SOUTH DADE,379,518
DADE,170,NEW SALEM,499,669
DADE,210,DAVIS,840,1050
DADE,105,NEW HOME,290,395
DADE,118,WEST BROW,563,681
DADE,345,TRENTON,1205,1550
DADE,324,NORTH DADE,695,1019
DAWSON,249,West,1193,1442
DAWSON,460,Central,3991,4451
DAWSON,532,East,3663,4195
DECATUR,57,Mt Pleasant,359,416
DECATUR,98,Recovery,342,440
DECATUR,88,Kendrick,239,327
DECATUR,193,Climax,473,666
DECATUR,186,Brinson,372,558
DECATUR,666,West Bainbridge,630,1296
DECATUR,1400,Bainbridge-Coliseum,2225,3625
DECATUR,1062,Bridge-Fairgrounds,817,1879
DECATUR,841,Attapulgus,367,1208
DEKALB,1628,ALLGOOD ELEM,180,1808
DEKALB,757,ASHFORD DUNWOODY RD,1183,1940
DEKALB,538,ASHFORD PARK ELEM,1016,1554
DEKALB,788,ASHFORD PARKSIDE,1053,1841
DEKALB,489,AUSTIN,1403,1892
DEKALB,1221,AUSTIN DRIVE,54,1275
DEKALB,1102,AVONDALE,713,1815
DEKALB,1624,AVONDALE HIGH,333,1957
DEKALB,2544,BETHUNE MIDDLE,56,2600
DEKALB,1185,BOULDERCREST RD,44,1229
DEKALB,2216,BOULEVARD,326,2542
DEKALB,1053,BRIAR VISTA ELEM,517,1570
DEKALB,679,BRIARCLIFF,665,1344
DEKALB,546,BRIARLAKE ELEM,674,1220
DEKALB,661,BRIARWOOD,641,1302
DEKALB,1097,BROCKETT,826,1923
DEKALB,772,BROCKETT ELEM,506,1278
DEKALB,729,BROOKHAVEN,1089,1818
DEKALB,2437,BROWNS MILL ELEM,82,2519
DEKALB,1504,BURGESS ELEM,179,1683
DEKALB,1214,CANBY LANE ELEM,27,1241
DEKALB,1654,CANDLER,80,1734
DEKALB,1630,CANDLER-MURPHEY CANDLER ELEM,137,1767
DEKALB,2364,CEDAR GROVE ELEM,60,2424
DEKALB,973,CEDAR GROVE MIDDLE,17,990
DEKALB,2525,CEDAR GROVE SOUTH,73,2598
DEKALB,1051,CHAMBLEE ,885,1936
DEKALB,2104,CHAPEL HILL ELEM,41,2145
DEKALB,864,CHESNUT ELEM,506,1370
DEKALB,1371,CLAIREMONT EAST,549,1920
DEKALB,1510,CLAIREMONT WEST,627,2137
DEKALB,1257,CLAIRMONT HILLS,641,1898
DEKALB,1357,CLARKSTON,189,1546
DEKALB,985,CLIFTON ELEM,31,1016
DEKALB,1739,COAN MIDDLE,203,1942
DEKALB,1337,COLUMBIA DRIVE,22,1359
DEKALB,835,COLUMBIA ELEM,13,848
DEKALB,1078,COLUMBIA MIDDLE,19,1097
DEKALB,1243,CORALWOOD,923,2166
DEKALB,1015,COVINGTON,153,1168
DEKALB,402,COVINGTON HWY LIBRARY,5,407
DEKALB,604,CROSS KEYS HIGH,589,1193
DEKALB,1734,CROSSROADS,66,1800
DEKALB,884,DORAVILLE NORTH,423,1307
DEKALB,441,DORAVILLE SOUTH,254,695
DEKALB,1047,DRESDEN ELEM,585,1632
DEKALB,991,DRUID HILLS HIGH,394,1385
DEKALB,1033,DUNAIRE ELEM,161,1194
DEKALB,838,DUNWOODY,958,1796
DEKALB,406,DUNWOODY ELEM,978,1384
DEKALB,506,DUNWOODY LIBRARY,1383,1889
DEKALB,1988,EAST LAKE ELEM,221,2209
DEKALB,669,EMBRY HILLS,623,1292
DEKALB,375,EMORY ROAD,151,526
DEKALB,1357,EMORY SOUTH,737,2094
DEKALB,2106,EPWORTH,501,2607
DEKALB,1016,EVANSDALE ELEM,777,1793
DEKALB,2552,FAIRINGTON ELEM,39,2591
DEKALB,1164,FERNBANK ELEM,505,1669
DEKALB,1176,FLAKES MILL FIRE STATION,34,1210
DEKALB,1853,FLAT ROCK ELEM,54,1907
DEKALB,1175,FLAT SHOALS,16,1191
DEKALB,1338,FLAT SHOALS ELEM,17,1355
DEKALB,1404,FLAT SHOALS LIBRARY,27,1431
DEKALB,2210,FLAT SHOALS PARKWAY,51,2261
DEKALB,1560,FREEDOM MIDDLE,172,1732
DEKALB,1133,GEORGETOWN SQUARE,1124,2257
DEKALB,918,GLENHAVEN,96,1014
DEKALB,952,GLENNWOOD,265,1217
DEKALB,971,GLENWOOD ROAD,51,1022
DEKALB,1675,GRESHAM ROAD,89,1764
DEKALB,1610,HAMBRICK ELEM,234,1844
DEKALB,926,HARRIS-MARGARET HARRIS ED,396,1322
DEKALB,2318,HARRIS-NARVIE J. HARRIS ELEM,27,2345
DEKALB,1514,HAWTHORNE ELEM,739,2253
DEKALB,102,HAWTHORNE ELEM - CHAMBLEE,79,181
DEKALB,1018,HENDERSON MILL ELEM,871,1889
DEKALB,594,HUGH HOWELL,690,1284
DEKALB,906,HUNTLEY HILLS ELEM,471,1377
DEKALB,997,IDLEWOOD ELEM,301,1298
DEKALB,874,INDIAN CREEK ELEM,130,1004
DEKALB,512,JOHNSON ESTATES,302,814
DEKALB,1225,JOLLY ELEM,113,1338
DEKALB,887,KELLEY CHAPEL ROAD,34,921
DEKALB,1699,KELLEY LAKE ELEM,29,1728
DEKALB,2702,KING-ML KING JR HIGH,41,2743
DEKALB,501,KINGSLEY ELEM,1298,1799
DEKALB,1289,KNOLLWOOD ELEM,72,1361
DEKALB,472,KITTREDGE CHAMBLEE,454,926
DEKALB,185,KITTREDGE BROOKHAVEN,269,454
DEKALB,1100,LAKESIDE HIGH,1121,2221
DEKALB,873,LAVISTA,586,1459
DEKALB,719,LAVISTA ROAD,503,1222
DEKALB,1321,LIN-MARY LIN ELEM,493,1814
DEKALB,679,LITHONIA,48,727
DEKALB,1779,LITHONIA HIGH,22,1801
DEKALB,431,LIVSEY ELEM,590,1021
DEKALB,2452,MARBUT ELEM,26,2478
DEKALB,1893,MATHIS-BOB MATHIS ELEM,83,1976
DEKALB,967,MCLENDON,295,1262
DEKALB,1049,MCNAIR ACADEMY,53,1102
DEKALB,1947,MCNAIR HIGH,156,2103
DEKALB,1341,MCNAIR MIDDLE,45,1386
DEKALB,1317,MCWILLIAMS,18,1335
DEKALB,1929,MEADOWVIEW ELEM,76,2005
DEKALB,990,MEDLOCK ELEM,458,1448
DEKALB,1408,MEMORIAL NORTH,189,1597
DEKALB,833,MEMORIAL SOUTH,78,911
DEKALB,1417,METROPOLITAN,157,1574
DEKALB,570,MIDVALE ELEM,908,1478
DEKALB,1064,MIDVALE ROAD,724,1788
DEKALB,1358,MIDWAY ELEM,131,1489
DEKALB,1880,MILLER-ELDRIDGE L. MILLER ELEM,91,1971
DEKALB,1577,MILLER GROVE HIGH,18,1595
DEKALB,2060,MILLER GROVE MIDDLE,26,2086
DEKALB,1462,MILLER GROVE ROAD,32,1494
DEKALB,903,MONTCLAIR ELEM,302,1205
DEKALB,1001,MONTGOMERY ELEM,1689,2690
DEKALB,638,MONTREAL,400,1038
DEKALB,512,MT. VERNON EAST,1402,1914
DEKALB,554,MT. VERNON WEST,967,1521
DEKALB,690,NORTH DECATUR,211,901
DEKALB,1097,NORTH HAIRSTON,161,1258
DEKALB,582,NORTH PEACHTREE,433,1015
DEKALB,524,NORTHLAKE,472,996
DEKALB,760,OAK GROVE ELEM,732,1492
DEKALB,2796,OAK VIEW ELEM,41,2837
DEKALB,516,OAKCLIFF ELEM,278,794
DEKALB,1664,OAKHURST,282,1946
DEKALB,869,PANOLA,43,912
DEKALB,1149,PANOLA ROAD,17,1166
DEKALB,1069,PANOLA WAY ELEM,27,1096
DEKALB,1066,PEACHCREST ELEM,107,1173
DEKALB,1119,PEACHTREE MIDDLE,638,1757
DEKALB,323,PINE LAKE,63,386
DEKALB,850,PINEY GROVE,40,890
DEKALB,1440,PLEASANTDALE ELEM,383,1823
DEKALB,1159,PONCE DE LEON,279,1438
DEKALB,1315,PRINCETON ELEM,61,1376
DEKALB,2321,RAINBOW ELEM,77,2398
DEKALB,1768,REDAN ELEM,45,1813
DEKALB,1463,REDAN MIDDLE,75,1538
DEKALB,1598,REDAN ROAD,49,1647
DEKALB,2206,REDAN-TROTTI LIBRARY,41,2247
DEKALB,793,REHOBOTH,505,1298
DEKALB,902,RENFROE MIDDLE,160,1062
DEKALB,1580,ROCK CHAPEL ELEM,37,1617
DEKALB,1904,ROCK CHAPEL ROAD,164,2068
DEKALB,1624,ROCKBRIDGE ELEM,144,1768
DEKALB,2207,ROCKBRIDGE ROAD,93,2300
DEKALB,1678,ROWLAND ELEM,93,1771
DEKALB,1084,ROWLAND ROAD,125,1209
DEKALB,1033,SAGAMORE HILLS ELEM,1037,2070
DEKALB,2217,SALEM MIDDLE,56,2273
DEKALB,1084,SCOTT,442,1526
DEKALB,2511,SHADOW ROCK ELEM,107,2618
DEKALB,605,SHAMROCK,426,1031
DEKALB,1682,SHAW-ROBERT SHAW ELEM,341,2023
DEKALB,988,SILVER LAKE,1497,2485
DEKALB,550,SKYLAND - BROOKHAVEN,662,1212
DEKALB,2,SKYLAND - CHAMBLEE,3,5
DEKALB,688,SMOKE RISE ELEM,850,1538
DEKALB,1223,SNAPFINGER ELEM,32,1255
DEKALB,1326,SNAPFINGER ROAD NORTH,54,1380
DEKALB,1286,SNAPFINGER ROAD SOUTH,44,1330
DEKALB,2004,SOUTH DESHON,53,2057
DEKALB,1961,SOUTH HAIRSTON,68,2029
DEKALB,2043,STEPHENSON HIGH,123,2166
DEKALB,2131,STEPHENSON MIDDLE,117,2248
DEKALB,1491,STONE MILL ELEM,92,1583
DEKALB,1394,STONE MOUNTAIN CHAMPION,163,1557
DEKALB,1033,STONE MOUNTAIN ELEM,465,1498
DEKALB,612,STONE MOUNTAIN LIBRARY,157,769
DEKALB,1226,STONE MOUNTAIN MIDDLE,112,1338
DEKALB,863,STONEVIEW ELEM,61,924
DEKALB,1454,TERRY MILL ELEM,62,1516
DEKALB,344,TILLY MILL ROAD,726,1070
DEKALB,1013,TONEY ELEM,19,1032
DEKALB,862,TUCKER,1099,1961
DEKALB,902,TUCKER LIBRARY,752,1654
DEKALB,348,VALLEY BROOK,172,520
DEKALB,1743,WADSWORTH ELEM,37,1780
DEKALB,435,WARREN TECH,327,762
DEKALB,2032,WESLEY CHAPEL LIBRARY,42,2074
DEKALB,1556,WHITE OAK,30,1586
DEKALB,1111,WINNONA PARK ELEM,243,1354
DEKALB,380,WINTERS CHAPEL,622,1002
DEKALB,1891,WOODRIDGE ELEM,109,2000
DEKALB,3271,WOODROW ROAD,142,3413
DEKALB,808,WOODWARD ELEM,485,1293
DEKALB,2052,WYNBROOKE ELEM,129,2181
DEKALB,1182,YOUNG ROAD,33,1215
DEKALB,262,WARREN TECH- CHAMBLEE,206,468
DODGE,84,Chauncey,211,295
DODGE,11,Clarks,51,62
DODGE,262,Eddins,443,705
DODGE,33,Empire,241,274
DODGE,55,Jaybird,86,141
DODGE,60,Jones,238,298
DODGE,1275,Lee,1816,3091
DODGE,34,McCranie,182,216
DODGE,49,Milan,179,228
DODGE,79,Mitchell,177,256
DODGE,92,Mullis,261,353
DODGE,52,Plainfield,238,290
DODGE,162,Pondtown,372,534
DODGE,167,Rawlins,440,607
DODGE,14,Vilula,134,148
DODGE,13,Yonker,145,158
DOOLY,227,LILLY,155,382
DOOLY,341,BYROMVILLE,201,542
DOOLY,619,UNADILLA,507,1126
DOOLY,985,VIENNA,861,1846
DOOLY,113,PINEHURST,261,374
DOUGHERTY,612,Palmyra Rd Meth Church,809,1421
DOUGHERTY,1081,Sherwood Elem School,842,1923
DOUGHERTY,610,Covenant Pres Church,865,1475
DOUGHERTY,1138,Beattie Rd Church,1661,2799
DOUGHERTY,1128,Westover High School,1199,2327
DOUGHERTY,557,Merry Acres Middle,1063,1620
DOUGHERTY,1814,Darton College,616,2430
DOUGHERTY,2057,Westtown Elem School,94,2151
DOUGHERTY,439,Second Mt. Zion,536,975
DOUGHERTY,2110,Mt. Zion Center,15,2125
DOUGHERTY,578,Alice Coachman Elem,10,588
DOUGHERTY,897,Carver Teen Center,6,903
DOUGHERTY,795,Shiloh Baptist Church,10,805
DOUGHERTY,744,Litman Cathedral,35,779
DOUGHERTY,649,Phoebe Edu. Bldg,125,774
DOUGHERTY,500,Turner Elem School,23,523
DOUGHERTY,1522,Jackson Heights Elem,10,1532
DOUGHERTY,1221,Bill Miller Center,103,1324
DOUGHERTY,309,Radium Middle School,152,461
DOUGHERTY,919,Putney 1st Bapt Church,787,1706
DOUGHERTY,432,International Studie,147,579
DOUGHERTY,1436,Phoebe East,177,1613
DOUGHERTY,868,Pine Bluff Bapt Church,438,1306
DOUGHERTY,1014,Albany Middle School,55,1069
DOUGHERTY,417,Christ Church,910,1327
DOUGHERTY,713,Lamar Reese Elem School,21,734
DOUGHERTY,370,First Christian Church,727,1097
DOUGHERTY,1365,A S U HPER GYM,13,1378
DOUGLAS,1532,MIRROR LAKE ELEMENTA,1794,3326
DOUGLAS,569,WINSTON,463,1032
DOUGLAS,558,FAIRPLAY M S,2276,2834
DOUGLAS,1592,COLONIAL HILLS,171,1763
DOUGLAS,475,EPHESUS BAPTIST CHUR,2121,2596
DOUGLAS,1076,BILL ARP,2213,3289
DOUGLAS,1030,TURNER,1099,2129
DOUGLAS,391,ANNETTE WINN SCHOOL,678,1069
DOUGLAS,2534,LITHIA HIGH SCHOOL,716,3250
DOUGLAS,800,DEER LICK,812,1612
DOUGLAS,2067,GOLDEN METHODIST CH,364,2431
DOUGLAS,1509,DOUGLASVILLE,1119,2628
DOUGLAS,745,BEULAH,1259,2004
DOUGLAS,1458,STEWART,196,1654
DOUGLAS,858,ARBOR STATION,751,1609
DOUGLAS,569,BRIGHT STAR,957,1526
DOUGLAS,683,DORSETT SHOALS,1435,2118
DOUGLAS,1374,CHAPEL HILL,890,2264
DOUGLAS,2055,HOLLY SPRINGS,1576,3631
DOUGLAS,1239,CHESTNUT LOG,750,1989
DOUGLAS,444,ST JULIANS EPISCOPAL,893,1337
DOUGLAS,1074,LUTHERAN CHURCH - GS,1447,2521
DOUGLAS,482,FIRST BAPTIST CHURCH,909,1391
DOUGLAS,1412,FACTORY SHOALS,905,2317
DOUGLAS,1915,BOUNDARY WATERS,447,2362
EARLY,156,Arlington,138,294
EARLY,1632,Blakely,828,2460
EARLY,47,Colomokee,111,158
EARLY,48,Cedar Springs,145,193
EARLY,152,Cuba,304,456
EARLY,277,Damascus,151,428
EARLY,41,Freeman,145,186
EARLY,57,Hilton,160,217
EARLY,121,Jakin,230,351
EARLY,191,Lucille,209,400
EARLY,43,Urquhart,136,179
ECHOLS,173,Statenville,917,1090
EFFINGHAM,118,1A,617,735
EFFINGHAM,253,1B,1167,1420
EFFINGHAM,151,1C,563,714
EFFINGHAM,166,1D,832,998
EFFINGHAM,183,2A,1096,1279
EFFINGHAM,393,2B,1279,1672
EFFINGHAM,292,2C,1308,1600
EFFINGHAM,204,3A,503,707
EFFINGHAM,413,3B,508,921
EFFINGHAM,302,3C,732,1034
EFFINGHAM,489,3D,909,1398
EFFINGHAM,351,4A,1291,1642
EFFINGHAM,341,4B,589,930
EFFINGHAM,218,4C,959,1177
EFFINGHAM,282,5A,1251,1533
EFFINGHAM,590,5B,1274,1864
EFFINGHAM,201,5C,718,919
ELBERT,1367,Elberton,1162,2529
ELBERT,141,Longstreet,291,432
ELBERT,153,Eliam,417,570
ELBERT,61,Petersburg,175,236
ELBERT,260,Wyche,535,795
ELBERT,92,Moss-Ruckersville,168,260
ELBERT,495,Pike,562,1057
ELBERT,66,Gaines,246,312
ELBERT,285,Goshen,665,950
ELBERT,84,Webbsboro,196,280
ELBERT,177,Centerville,442,619
EMANUEL,35,Oak Park,291,326
EMANUEL,114,Cross-Green,38,152
EMANUEL,1717,Swainsboro,2288,4005
EMANUEL,104,Summertown,218,322
EMANUEL,166,Stillmore,168,334
EMANUEL,9,Blundale,152,161
EMANUEL,113,Canoochee,310,423
EMANUEL,63,Garfield,274,337
EMANUEL,15,Cowford,283,298
EMANUEL,64,Nunez,171,235
EMANUEL,434,Twin City,539,973
EMANUEL,93,Adrian,368,461
EVANS,1268,Veterans Comm Ctr,2268,3536
FANNIN,131,COLWELL,488,619
FANNIN,98,FAIRPLAY,432,530
FANNIN,389,FLINTHILL,1229,1618
FANNIN,116,HEMPTOWN,491,607
FANNIN,128,HOTHOUSE,495,623
FANNIN,161,MINERAL BLUFF,696,857
FANNIN,123,MOBILE,469,592
FANNIN,204,MORGANTON,860,1064
FANNIN,98,NOONTOOTLA,381,479
FANNIN,48,SKENIAH,136,184
FANNIN,219,SUGAR CREEK,925,1144
FANNIN,313,TOCCOA,1255,1568
FAYETTE,1071,BLACKROCK,742,1813
FAYETTE,149,BROOKS,1368,1517
FAYETTE,1809,EUROPE,306,2115
FAYETTE,552,FAYETTEVILLE EAST,693,1245
FAYETTE,387,FAYETTEVILLE WEST,650,1037
FAYETTE,429,FLINT,571,1000
FAYETTE,701,HOPEFUL,688,1389
FAYETTE,973,MORNING CREEK,1012,1985
FAYETTE,461,RAREOVER,1416,1877
FAYETTE,1414,SANDY CREEK,1339,2753
FAYETTE,272,SHAKERAG EAST,736,1008
FAYETTE,226,SHAKERAG WEST,671,897
FAYETTE,421,STARRSMILL,2086,2507
FAYETTE,364,WHITEWATER,1773,2137
FAYETTE,209,WOOLSEY,1383,1592
FAYETTE,500,MCINTOSH,1697,2197
FAYETTE,230,OAK GROVE,710,940
FAYETTE,830,KEDRON,1439,2269
FAYETTE,297,ABERDEEN,909,1206
FAYETTE,197,WINDGATE,552,749
FAYETTE,468,FLAT CREEK,944,1412
FAYETTE,238,BRAELINN,1195,1433
FAYETTE,539,KENWOOD,199,738
FAYETTE,439,BANKS,710,1149
FAYETTE,309,HARPS CROSSING,897,1206
FAYETTE,508,WILLOW POND,1178,1686
FAYETTE,488,DOGWOOD,1493,1981
FAYETTE,702,OAK RIDGE,753,1455
FAYETTE,863,JEFF DAVIS,776,1639
FAYETTE,651,MURPHY,1327,1978
FAYETTE,609,FIELDING RIDGE,1849,2458
FAYETTE,324,WILLOWBEND,1027,1351
FAYETTE,329,CAMP CREEK,1032,1361
FAYETTE,508,RISING STAR,1804,2312
FAYETTE,885,SPRING HILL,1199,2084
FAYETTE,384,ANTIOCH,951,1335
FLOYD,410,ALTO PARK,1470,1880
FLOYD,109,ARMUCHEE,560,669
FLOYD,223,BARKERS,1055,1278
FLOYD,251,CAVE SPRING,648,899
FLOYD,144,CHULIO,525,669
FLOYD,663,ETOWAH,2236,2899
FLOYD,43,EVERETT SPRINGS,200,243
FLOYD,140,FLOYD SPRINGS,922,1062
FLOYD,106,FOSTERS MILL,450,556
FLOYD,335,GARDEN LAKES,870,1205
FLOYD,410,GLENWOOD,1316,1726
FLOYD,114,HOWELL,690,804
FLOYD,490,EAST LINDALE,1487,1977
FLOYD,991,MT ALTO NORTH,1301,2292
FLOYD,821,MT ALTO SOUTH,1351,2172
FLOYD,233,NORTH CAROLINA,757,990
FLOYD,108,RIVERSIDE,309,417
FLOYD,1043,EAST ROME,1273,2316
FLOYD,993,NORTH ROME,912,1905
FLOYD,608,SOUTH ROME,137,745
FLOYD,75,TEXAS VALLEY,428,503
FLOYD,85,VANNS VALLEY,284,369
FLOYD,281,WATTERS,1545,1826
FLOYD,344,WEST LINDALE,1108,1452
FLOYD,620,TOWN ROME,899,1519
FORSYTH,1148,01 Big Creek,4021,5169
FORSYTH,947,02 Brandywine,1555,2502
FORSYTH,639,03 Browns Bridge,3544,4183
FORSYTH,428,04 Chestatee,2771,3199
FORSYTH,361,05 Coal Mountain,2237,2598
FORSYTH,279,06 Crossroads,1932,2211
FORSYTH,318,07 Cumming,1209,1527
FORSYTH,556,08 Mashburn,2843,3399
FORSYTH,411,09 Matt,2735,3146
FORSYTH,1383,10 Midway,5847,7230
FORSYTH,453,11 Sawnee,2332,2785
FORSYTH,117,12 Pleasant Grove,893,1010
FORSYTH,260,15 Heardsville,1843,2103
FORSYTH,844,16 Otwell,3643,4487
FORSYTH,704,17 Johns Creek,2301,3005
FORSYTH,702,19 Old Atlanta,2897,3599
FORSYTH,589,20 Piney Grove,1519,2108
FORSYTH,594,21 South Forsyth,2915,3509
FORSYTH,429,22 Vickery,2521,2950
FORSYTH,677,24 Sharon Forks,2878,3555
FORSYTH,1057,25 Windermere,4470,5527
FORSYTH,456,27 Concord,3092,3548
FORSYTH,759,29 Polo,3114,3873
FORSYTH,257,30 Riverclub,1282,1539
FORSYTH,203,33 Keith Bridge,1514,1717
FRANKLIN,160,Carnesville,765,925
FRANKLIN,19,Ashland,131,150
FRANKLIN,52,Strange,364,416
FRANKLIN,63,Flintsville,310,373
FRANKLIN,32,Red Hill,281,313
FRANKLIN,87,Welborn,432,519
FRANKLIN,183,Gumlog,689,872
FRANKLIN,332,Lavonia,778,1110
FRANKLIN,140,Canon,507,647
FRANKLIN,262,Royston,825,1087
FRANKLIN,76,Middle River,551,627
FRANKLIN,31,Dooley,219,250
FRANKLIN,62,Gunnells,262,324
FULTON,1497,01A,270,1767
FULTON,1862,01B,380,2242
FULTON,561,01C1,17,578
FULTON,4,01C2,0,4
FULTON,535,01D,54,589
FULTON,1329,01E,324,1653
FULTON,467,01F,7,474
FULTON,945,01G,51,996
FULTON,1224,01J,29,1253
FULTON,649,01P,10,659
FULTON,671,01R,2,673
FULTON,897,01S,18,915
FULTON,617,01T,74,691
FULTON,894,02A,90,984
FULTON,966,02B,189,1155
FULTON,879,02C,152,1031
FULTON,1809,02D,247,2056
FULTON,926,02E,196,1122
FULTON,1219,02F1,317,1536
FULTON,282,02F2,46,328
FULTON,1243,02G,316,1559
FULTON,622,02J,91,713
FULTON,1971,02L1,752,2723
FULTON,264,02L2,150,414
FULTON,1380,02S,117,1497
FULTON,709,02W,227,936
FULTON,435,02X,188,623
FULTON,1016,03A,13,1029
FULTON,260,03B,1,261
FULTON,866,03C,5,871
FULTON,456,03D,3,459
FULTON,1004,03E,21,1025
FULTON,217,03G,4,221
FULTON,490,03H,5,495
FULTON,275,03L,6,281
FULTON,300,03M,114,414
FULTON,1004,03N,29,1033
FULTON,1027,03P1,226,1253
FULTON,95,03P2,3,98
FULTON,731,03R,12,743
FULTON,374,03S,1,375
FULTON,843,03T,37,880
FULTON,367,03U,2,369
FULTON,579,04A,10,589
FULTON,838,04B,16,854
FULTON,782,04D,9,791
FULTON,1255,04E,55,1310
FULTON,353,04G,3,356
FULTON,412,04H2,4,416
FULTON,1163,04K,22,1185
FULTON,705,04L,22,727
FULTON,352,04M,3,355
FULTON,1240,04S,14,1254
FULTON,608,04T,4,612
FULTON,1193,04V,14,1207
FULTON,813,04W,2,815
FULTON,1047,04X1,9,1056
FULTON,314,04X2,6,320
FULTON,869,05A1,135,1004
FULTON,1361,05A2,209,1570
FULTON,1150,05B,54,1204
FULTON,66,05C,2,68
FULTON,1247,06A,555,1802
FULTON,738,06B,343,1081
FULTON,1174,06D,497,1671
FULTON,906,06E,320,1226
FULTON,1114,06F,487,1601
FULTON,1237,06G,322,1559
FULTON,736,06H,453,1189
FULTON,1139,06J,508,1647
FULTON,572,06K,139,711
FULTON,372,06L1,241,613
FULTON,274,06L2,205,479
FULTON,666,06R,318,984
FULTON,1498,06S,778,2276
FULTON,1216,07A,1849,3065
FULTON,524,07B,1508,2032
FULTON,829,07C,1285,2114
FULTON,864,07D,1167,2031
FULTON,1740,07E,885,2625
FULTON,674,07F,969,1643
FULTON,572,07H,766,1338
FULTON,854,07J,846,1700
FULTON,668,07K1,528,1196
FULTON,229,07K2,57,286
FULTON,580,07M,567,1147
FULTON,613,07N,300,913
FULTON,532,08A,1162,1694
FULTON,643,08B,1595,2238
FULTON,193,08C,822,1015
FULTON,302,08D,655,957
FULTON,545,08E,1301,1846
FULTON,346,08F1,1249,1595
FULTON,701,08G,815,1516
FULTON,508,08H,1199,1707
FULTON,605,08J,1195,1800
FULTON,158,08K,273,431
FULTON,1227,08L,989,2216
FULTON,249,08M,810,1059
FULTON,131,08N1,450,581
FULTON,263,08N2,423,686
FULTON,809,08P,331,1140
FULTON,1035,09A,643,1678
FULTON,237,09B,1,238
FULTON,1736,09C,25,1761
FULTON,1039,09D,8,1047
FULTON,1161,09E,42,1203
FULTON,917,09F,1211,2128
FULTON,919,09G2,533,1452
FULTON,1215,09K,11,1226
FULTON,1008,09L,26,1034
FULTON,694,09M,421,1115
FULTON,1905,10A,12,1917
FULTON,1430,10C,5,1435
FULTON,2315,10D,16,2331
FULTON,613,10E,3,616
FULTON,673,10F,14,687
FULTON,878,10G,11,889
FULTON,1370,10H,19,1389
FULTON,442,10J,2,444
FULTON,2042,10L,27,2069
FULTON,1341,10M,20,1361
FULTON,786,10P,3,789
FULTON,427,10R,3,430
FULTON,440,11A1,8,448
FULTON,255,11A2,6,261
FULTON,3068,11B,46,3114
FULTON,1656,11C,24,1680
FULTON,656,11E1,21,677
FULTON,1002,11E2,13,1015
FULTON,1200,11E3,15,1215
FULTON,1411,11G,16,1427
FULTON,1375,11H,22,1397
FULTON,1078,11J,14,1092
FULTON,1176,11K,31,1207
FULTON,1694,11M,16,1710
FULTON,1486,11N,22,1508
FULTON,1052,11P,11,1063
FULTON,898,11R,1,899
FULTON,450,12A,12,462
FULTON,1231,12B,60,1291
FULTON,777,12C,33,810
FULTON,599,12D,10,609
FULTON,602,12E1,20,622
FULTON,439,12F,10,449
FULTON,479,12G,19,498
FULTON,1733,12H,39,1772
FULTON,1318,12J,16,1334
FULTON,284,12L,5,289
FULTON,170,12M,3,173
FULTON,951,12S,19,970
FULTON,1178,12T,17,1195
FULTON,391,AP01A,920,1311
FULTON,194,AP01B,190,384
FULTON,393,AP01C,793,1186
FULTON,198,AP01D,369,567
FULTON,91,AP02B,198,289
FULTON,248,AP03,87,335
FULTON,252,AP04A,815,1067
FULTON,54,AP04B,164,218
FULTON,798,AP05,2114,2912
FULTON,275,AP06,859,1134
FULTON,762,AP07A,1137,1899
FULTON,245,AP07B,672,917
FULTON,978,AP09A,1652,2630
FULTON,199,AP09B,284,483
FULTON,569,AP021,1073,1642
FULTON,470,AP022,698,1168
FULTON,163,AP10,495,658
FULTON,663,AP12A,728,1391
FULTON,506,AP13,1041,1547
FULTON,676,AP14,1331,2007
FULTON,95,CH01,39,134
FULTON,120,CH02,94,214
FULTON,60,CH03,173,233
FULTON,100,CH04A,195,295
FULTON,43,CH05,235,278
FULTON,193,CP01B,82,275
FULTON,321,CP011,80,401
FULTON,636,CP012,264,900
FULTON,463,CP02,96,559
FULTON,45,CP04,3,48
FULTON,49,CP05A,9,58
FULTON,59,CP05B,2,61
FULTON,930,CP051,23,953
FULTON,213,CP06,3,216
FULTON,544,CP07A,7,551
FULTON,15,CP07B,1,16
FULTON,132,CP081,2,134
FULTON,327,CP083,0,327
FULTON,335,EP01A,21,356
FULTON,666,EP01B,65,731
FULTON,556,EP03,49,605
FULTON,784,EP04,185,969
FULTON,1149,EP05,95,1244
FULTON,1028,EP06A,62,1090
FULTON,366,EP06B,9,375
FULTON,1002,EP071,170,1172
FULTON,785,EP072,79,864
FULTON,195,EP07B,6,201
FULTON,1534,EP08A,22,1556
FULTON,333,EP08B,5,338
FULTON,492,EP08D,11,503
FULTON,1034,EP09,76,1110
FULTON,454,EP10A,19,473
FULTON,455,EP10B,18,473
FULTON,722,EP11A,42,764
FULTON,320,EP11B,18,338
FULTON,3852,FA01A,583,4435
FULTON,337,FA01B,20,357
FULTON,1069,HP01,588,1657
FULTON,1170,JC01,1612,2782
FULTON,310,JC02,448,758
FULTON,103,JC03A,191,294
FULTON,399,JC03B,446,845
FULTON,926,JC04A,1727,2653
FULTON,65,JC04B,85,150
FULTON,535,JC05,784,1319
FULTON,442,JC06,1129,1571
FULTON,920,JC07,1396,2316
FULTON,648,JC08,1078,1726
FULTON,766,JC09,979,1745
FULTON,629,JC10,748,1377
FULTON,580,JC11,1440,2020
FULTON,402,JC12,1248,1650
FULTON,296,JC13A,1210,1506
FULTON,19,JC13B,203,222
FULTON,450,JC14,1147,1597
FULTON,240,JC15,210,450
FULTON,443,JC16,814,1257
FULTON,91,JC17,125,216
FULTON,537,JC18A,1323,1860
FULTON,56,JC18B,73,129
FULTON,868,JC19,1467,2335
FULTON,312,ML011,865,1177
FULTON,38,ML012,195,233
FULTON,22,ML01A,55,77
FULTON,19,ML01B,68,87
FULTON,191,ML02A,839,1030
FULTON,149,ML02B,733,882
FULTON,434,ML03,1916,2350
FULTON,422,ML04,1429,1851
FULTON,926,ML05,1803,2729
FULTON,1350,ML06,1232,2582
FULTON,86,ML07A,310,396
FULTON,159,ML07B,593,752
FULTON,136,MP01,164,300
FULTON,1067,PA01,366,1433
FULTON,877,RW01,2228,3105
FULTON,842,RW02,1655,2497
FULTON,1091,RW03,1171,2262
FULTON,454,RW04,825,1279
FULTON,655,RW05,492,1147
FULTON,696,RW06,1095,1791
FULTON,625,RW07,170,795
FULTON,384,RW08,1056,1440
FULTON,388,RW09,1422,1810
FULTON,633,RW10,1598,2231
FULTON,662,RW11A,979,1641
FULTON,586,RW12A,1357,1943
FULTON,140,RW12B,306,446
FULTON,756,RW13,1514,2270
FULTON,540,RW15,1599,2139
FULTON,374,RW16,846,1220
FULTON,797,RW17,854,1651
FULTON,418,RW18,1128,1546
FULTON,378,RW19,982,1360
FULTON,574,RW20,1172,1746
FULTON,611,RW21A,1525,2136
FULTON,3,RW21B,12,15
FULTON,1095,RW22A,994,2089
FULTON,2549,SC01B,56,2605
FULTON,1004,SC02,20,1024
FULTON,330,SC04,316,646
FULTON,392,SC05A,11,403
FULTON,3105,SC05B,178,3283
FULTON,2566,SC07A,359,2925
FULTON,13,SC08A,1,14
FULTON,2023,SC08B,73,2096
FULTON,88,SC08C,0,88
FULTON,301,SC08D,5,306
FULTON,187,SC08E,1,188
FULTON,394,SC08F,16,410
FULTON,1868,SC09A,57,1925
FULTON,1029,SC09B,19,1048
FULTON,836,SC10,18,854
FULTON,1009,SC11A,18,1027
FULTON,941,SC11B,11,952
FULTON,3400,SC13A,125,3525
FULTON,1265,SC13B,82,1347
FULTON,564,SC14,15,579
FULTON,2719,SC16,47,2766
FULTON,44,SC17A,0,44
FULTON,692,SC17C,21,713
FULTON,299,SC18A,5,304
FULTON,2914,SC18B,84,2998
FULTON,127,SC19A,5,132
FULTON,764,SC19B,23,787
FULTON,546,SC211,20,566
FULTON,1407,SC212,94,1501
FULTON,2980,SC23A,76,3056
FULTON,300,SC23B,14,314
FULTON,1391,SC27,32,1423
FULTON,1739,SC29A,24,1763
FULTON,96,SC29B,4,100
FULTON,93,SC30A,0,93
FULTON,797,SC30B,6,803
FULTON,571,SS01,1553,2124
FULTON,356,SS02A,431,787
FULTON,432,SS02B,281,713
FULTON,374,SS03,516,890
FULTON,856,SS04,680,1536
FULTON,443,SS05,861,1304
FULTON,257,SS06,683,940
FULTON,162,SS07A,426,588
FULTON,92,SS07B,178,270
FULTON,164,SS07C,260,424
FULTON,609,SS08A,523,1132
FULTON,151,SS08B,304,455
FULTON,173,SS08C,171,344
FULTON,505,SS09,1378,1883
FULTON,632,SS10,1711,2343
FULTON,933,SS11A,958,1891
FULTON,376,SS11B,288,664
FULTON,182,SS11C,55,237
FULTON,100,SS11D,134,234
FULTON,592,SS12,1096,1688
FULTON,568,SS13A,661,1229
FULTON,141,SS13B,186,327
FULTON,258,SS14,689,947
FULTON,821,SS15A,188,1009
FULTON,595,SS15B,354,949
FULTON,391,SS16,1165,1556
FULTON,820,SS17,1373,2193
FULTON,141,SS18A,314,455
FULTON,60,SS18B,115,175
FULTON,1093,SS19A,489,1582
FULTON,724,SS19B,480,1204
FULTON,626,SS20,462,1088
FULTON,794,SS22,804,1598
FULTON,294,SS25,687,981
FULTON,1396,SS26,371,1767
FULTON,758,SS29A,859,1617
FULTON,2,SS29B,3,5
FULTON,281,SS31,422,703
FULTON,1995,UC01A,58,2053
FULTON,149,UC01B,4,153
FULTON,3746,UC02A,155,3901
FULTON,5,UC02B,0,5
FULTON,740,UC031,116,856
FULTON,222,UC032,205,427
FULTON,24,UC033,3,27
GILMER,274,ELLIJAY SOUTH,1151,1425
GILMER,139,CARTECAY,759,898
GILMER,134,TAILS CREEK,577,711
GILMER,90,TOWN CREEK,458,548
GILMER,226,LEACHES,966,1192
GILMER,104,CHERRY LOG,419,523
GILMER,128,BOARDTOWN,631,759
GILMER,89,MOUNTAINTOWN,515,604
GILMER,167,EAST ELLIJAY,722,889
GILMER,156,ELLIJAY NORTH,735,891
GILMER,104,YUKON,550,654
GILMER,146,BIG CREEK,636,782
GILMER,201,ELLIJAY NORTHEAST,807,1008
GLASCOCK,3,Edgehill,84,87
GLASCOCK,61,Gibson,372,433
GLASCOCK,45,Mill,441,486
GLASCOCK,67,Mitchell,238,305
GLYNN,478,Sterling Elem School,1865,2343
GLYNN,492,Marshes of Glynn,1152,1644
GLYNN,327,Satilla Marsh School,1110,1437
GLYNN,233,Glyndale School,1137,1370
GLYNN,437,Christian Renewal,1737,2174
GLYNN,291,Oglethorpe Point,1264,1555
GLYNN,681,St Williams Church,2142,2823
GLYNN,656,First Baptist,1942,2598
GLYNN,171,Jekyll Island,294,465
GLYNN,521,Sterling Church of God,1201,1722
GLYNN,268,SE Baptist Bldg,844,1112
GLYNN,410,Career Academy,1306,1716
GLYNN,483,C B Greer School,1224,1707
GLYNN,563,Ballard Complex,1071,1634
GLYNN,1067,Northside Church,696,1763
GLYNN,830,Abundant Life,585,1415
GLYNN,501,College Place A,457,958
GLYNN,281,College Place B,30,311
GLYNN,1084,City Rec Bldg,545,1629
GLYNN,1690,Burroughs Molette,126,1816
GLYNN,486,Selden Park,165,651
GORDON,104,SUGAR VALLEY,610,714
GORDON,157,PLAINVILLE,769,926
GORDON,492,SONORAVILLE,2245,2737
GORDON,63,RANGER,315,378
GORDON,78,PINE CHAPEL,423,501
GORDON,105,OOSTANAULA,281,386
GORDON,111,OAKMAN,320,431
GORDON,626,GORDON COUNTY,2276,2902
GORDON,1084,CALHOUN CITY,2840,3924
GORDON,166,LILY POND,792,958
GORDON,113,FAIRMOUNT,623,736
GORDON,227,RED BUD,1135,1362
GORDON,114,RESACA,568,682
GRADY,69,Blowing Cave,391,460
GRADY,1308,Cairo 4th District,263,1571
GRADY,666,Cairo 5th District,886,1552
GRADY,131,Duncanville,196,327
GRADY,199,Higdon,361,560
GRADY,42,Limesink,162,204
GRADY,184,Midway,657,841
GRADY,167,Pine Park,342,509
GRADY,122,Ragan,246,368
GRADY,54,Spence,394,448
GRADY,45,Spring Hill,329,374
GRADY,202,Whigham,517,719
GRADY,230,Woodland,1180,1410
GREENE,1327,Greensboro,672,1999
GREENE,122,Greshamville,364,486
GREENE,221,Woodville,179,400
GREENE,430,Union Point,341,771
GREENE,426,Siloam,319,745
GREENE,143,White Plains,136,279
GREENE,96,Liberty,244,340
GREENE,436,Old Salem,2816,3252
GWINNETT,1108,001 Harbins A,1863,2971
GWINNETT,1330,002 Rockbridge A,652,1982
GWINNETT,1161,003 Dacula,1323,2484
GWINNETT,356,004 Suwanee A,529,885
GWINNETT,648,005 Baycreek A,1213,1861
GWINNETT,1001,006 Goodwins A,1130,2131
GWINNETT,1068,007 Duluth A,1573,2641
GWINNETT,560,008 Duncans A,2109,2669
GWINNETT,636,009 Pucketts A,2016,2652
GWINNETT,472,010 Cates A,1033,1505
GWINNETT,668,011 Berkshire A,424,1092
GWINNETT,1636,012 Berkshire B,760,2396
GWINNETT,386,013 Duncans C,1546,1932
GWINNETT,687,014 Garners A,1620,2307
GWINNETT,885,015 Lawrenceville A,935,1820
GWINNETT,1444,016 Lawrenceville B,1011,2455
GWINNETT,1085,017 Martins A,358,1443
GWINNETT,957,018 Martins B,597,1554
GWINNETT,643,019 Martins C,700,1343
GWINNETT,882,020 Pinckneyville A,228,1110
GWINNETT,877,021 Pinckneyville B,407,1284
GWINNETT,443,022 Pinckneyville C,725,1168
GWINNETT,716,023 Pinckneyville D,192,908
GWINNETT,574,024 Sugar Hill A,1148,1722
GWINNETT,849,025 Sugar Hill B,1615,2464
GWINNETT,1003,026 Hog Mountain A,1116,2119
GWINNETT,846,027 Hog Mountain B,1779,2625
GWINNETT,1016,028 Rockycreek A,1966,2982
GWINNETT,294,029 Cates B,826,1120
GWINNETT,839,030 Cates C,752,1591
GWINNETT,444,031 Hog Mountain D,1076,1520
GWINNETT,589,032 Berkshire D,1141,1730
GWINNETT,423,033 Berkshire E,905,1328
GWINNETT,514,034 Berkshire F,450,964
GWINNETT,672,035 Cates D,1233,1905
GWINNETT,558,036 Cates E,1227,1785
GWINNETT,715,037 Pinckneyville E,216,931
GWINNETT,523,038 Pinckneyville F,293,816
GWINNETT,619,039 Duncans D,2488,3107
GWINNETT,1004,040 Pinckneyville H,1306,2310
GWINNETT,1645,041 Baycreek B,1272,2917
GWINNETT,446,042 Lawrenceville C,1176,1622
GWINNETT,769,043 Martins D,203,972
GWINNETT,1439,044 Rockbridge B,723,2162
GWINNETT,1076,045 Garners B,857,1933
GWINNETT,311,046 Cates F,910,1221
GWINNETT,405,047 Cates G,1482,1887
GWINNETT,688,048 Duluth B,1142,1830
GWINNETT,502,049 Garners C,605,1107
GWINNETT,912,050 Pinckneyville I,354,1266
GWINNETT,745,051 Pinckneyville J,193,938
GWINNETT,434,052 Berkshire G,933,1367
GWINNETT,1148,053 Cates H,745,1893
GWINNETT,663,054 Sugar Hill C,1731,2394
GWINNETT,707,055 Sugar Hill D,1201,1908
GWINNETT,592,056 Duluth C,775,1367
GWINNETT,1175,057 Duluth D,1042,2217
GWINNETT,1196,058 Pinckneyville K,375,1571
GWINNETT,1404,059 Pinckneyville N,318,1722
GWINNETT,1619,060 Lawrenceville D,535,2154
GWINNETT,504,061 Lawrenceville E,895,1399
GWINNETT,436,062 Pinckneyville L,1255,1691
GWINNETT,427,063 Pinckneyville M,1335,1762
GWINNETT,1295,064 Garners D,606,1901
GWINNETT,498,065 Berkshire H,367,865
GWINNETT,1134,066 Pinckneyville O,382,1516
GWINNETT,963,067 Pucketts E,1400,2363
GWINNETT,762,068 Cates I,1344,2106
GWINNETT,844,069 Cates J,1078,1922
GWINNETT,713,070 Goodwins B,1628,2341
GWINNETT,1472,071 Lawrenceville F,657,2129
GWINNETT,2171,072 Martins E,298,2469
GWINNETT,584,073 Pinckneyville P,706,1290
GWINNETT,709,074 Pinckneyville Q,109,818
GWINNETT,2019,075 Rockbridge C,700,2719
GWINNETT,1389,076 Rockbridge D,774,2163
GWINNETT,1295,077 Goodwins C,1188,2483
GWINNETT,766,078 Baycreek K,1221,1987
GWINNETT,449,079 Cates K,1161,1610
GWINNETT,1616,080 Baycreek C,1658,3274
GWINNETT,1110,081 Cates L,1248,2358
GWINNETT,1432,082 Duluth E,823,2255
GWINNETT,969,083 Goodwins D,1379,2348
GWINNETT,979,084 Lawrenceville G,497,1476
GWINNETT,815,085 Lawrenceville H,1529,2344
GWINNETT,885,086 Martins F,340,1225
GWINNETT,780,087 Pinckneyville S,721,1501
GWINNETT,1592,088 Rockbridge E,715,2307
GWINNETT,460,089 Sugar Hill E,1146,1606
GWINNETT,898,090 Lawrenceville I,928,1826
GWINNETT,977,091 Baycreek D,1702,2679
GWINNETT,567,092 Berkshire J,1228,1795
GWINNETT,752,093 Cates M,1920,2672
GWINNETT,364,094 Cates N,1339,1703
GWINNETT,1515,095 Duluth F,543,2058
GWINNETT,582,096 Duluth G,1087,1669
GWINNETT,1127,097 Goodwins E,1700,2827
GWINNETT,707,098 Goodwins F,981,1688
GWINNETT,734,099 Pinckneyville T,748,1482
GWINNETT,759,100 Suwanee B,1523,2282
GWINNETT,652,101 Pinckneyville U,574,1226
GWINNETT,526,102 Pucketts B,1277,1803
GWINNETT,1009,103 Berkshire L,458,1467
GWINNETT,2352,104 Rockbridge F,890,3242
GWINNETT,658,105 Sugar Hill F,1481,2139
GWINNETT,790,106 Suwanee C,1648,2438
GWINNETT,289,107 Cates O,557,846
GWINNETT,733,108 Baycreek E,972,1705
GWINNETT,344,109 Berkshire M,717,1061
GWINNETT,702,110 Martins G,411,1113
GWINNETT,555,111 Duluth H,896,1451
GWINNETT,611,112 Berkshire N,1417,2028
GWINNETT,508,113 Pinckneyville V,333,841
GWINNETT,1029,114 Pinckneyville W,886,1915
GWINNETT,1357,115 Martins H,960,2317
GWINNETT,1166,116 Martins I,500,1666
GWINNETT,1415,117 Martins J,368,1783
GWINNETT,350,118 Garners F,664,1014
GWINNETT,515,119 Berkshire O,1173,1688
GWINNETT,374,120 Berkshire P,382,756
GWINNETT,790,121 Pinckneyville X,1155,1945
GWINNETT,2152,122 Rockbridge G,738,2890
GWINNETT,1114,123 Pinckneyville Y,284,1398
GWINNETT,793,124 Goodwins G,476,1269
GWINNETT,291,125 Pinckneyville Z,1061,1352
GWINNETT,510,126 Pinckneyville A1,1402,1912
GWINNETT,627,127 Lawrenceville J,468,1095
GWINNETT,628,128 Goodwins H,878,1506
GWINNETT,527,129 Duncans B,1930,2457
GWINNETT,658,130 Suwanee D,1985,2643
GWINNETT,631,131 Suwanee E,1745,2376
GWINNETT,729,132 Lawrenceville K,1166,1895
GWINNETT,468,133 Harbins B,1657,2125
GWINNETT,1128,134 Baycreek F,1065,2193
GWINNETT,463,135 Pucketts C,1212,1675
GWINNETT,716,136 Hog Mountain C,1493,2209
GWINNETT,911,137 Rockycreek B,1888,2799
GWINNETT,657,138 Duluth I,1648,2305
GWINNETT,1755,139 Martins K,643,2398
GWINNETT,489,140 Suwanee H,1713,2202
GWINNETT,428,141 Sugar Hill G,1176,1604
GWINNETT,811,142 Suwanee F,1291,2102
GWINNETT,1259,143 Lawrenceville L,1419,2678
GWINNETT,1837,144 Lawrenceville M,720,2557
GWINNETT,985,145 Baycreek G,1391,2376
GWINNETT,904,146 Baycreek H,2258,3162
GWINNETT,1418,147 Baycreek I,1391,2809
GWINNETT,364,148 Berkshire Q,671,1035
GWINNETT,537,149 Goodwins I,1056,1593
GWINNETT,775,150 Duluth K,231,1006
GWINNETT,306,151 Harbins C,1027,1333
GWINNETT,848,152 Rockycreek C,1744,2592
GWINNETT,564,153 Lawrenceville N,654,1218
GWINNETT,433,154 Pucketts D,1360,1793
GWINNETT,724,155 Suwanee G,1246,1970
GWINNETT,1287,156 Baycreek J,1137,2424
HABERSHAM,399,Clarkesville,1842,2241
HABERSHAM,321,Cornelia,641,962
HABERSHAM,178,Demorest,888,1066
HABERSHAM,264,Center Hill,1764,2028
HABERSHAM,188,Mud Creek,1018,1206
HABERSHAM,112,Glade Creek,767,879
HABERSHAM,110,Deep Creek,668,778
HABERSHAM,120,Fork,908,1028
HABERSHAM,104,Baldwin,465,569
HABERSHAM,138,View,1019,1157
HABERSHAM,53,Falling Water,456,509
HABERSHAM,50,Batesville,284,334
HABERSHAM,146,Fair Play,910,1056
HABERSHAM,118,Cool Springs,536,654
HALL,488,01-Wilson,1700,2188
HALL,253,02-Chicopee,417,670
HALL,349,03-Oakwood I,755,1104
HALL,140,04-Oakwood II,762,902
HALL,295,05-Oakwood III,1151,1446
HALL,395,06-Flowery Branch I,1806,2201
HALL,394,07-Flowery Branch II,1356,1750
HALL,482,08-Roberts,2179,2661
HALL,577,09-Morgan I,2669,3246
HALL,370,10-Morgan II,805,1175
HALL,169,11-Morgan III,1216,1385
HALL,624,12-Candler,2128,2752
HALL,883,13-Tadmore,1141,2024
HALL,94,14-Glade,635,729
HALL,242,15-Lula,1404,1646
HALL,155,16-Clermont,1697,1852
HALL,155,17-Quillians,1389,1544
HALL,271,18-Bark Camp,1335,1606
HALL,231,19-Murrayville,1234,1465
HALL,251,20-Chestatee,1683,1934
HALL,287,21-Fork,1698,1985
HALL,366,22-Whelchel,2146,2512
HALL,399,23-West Whelchel,2301,2700
HALL,312,24-Gainesville I,868,1180
HALL,1262,25-Gainesville II,47,1309
HALL,696,26-Gainesville III,914,1610
HALL,441,27-Gainesville IV,898,1339
HALL,261,28-Gainesville V,525,786
HALL,213,29-Riverbend,489,702
HALL,236,30-New Holland,746,982
HALL,77,31-Gillsville,548,625
HALL,228,32-Big Hickory,2038,2266
HALL,639,33-Friendship I,3354,3993
HALL,342,34-Friendship II,1742,2084
HALL,422,35-Friendship III,1705,2127
HANCOCK,819,Sparta,67,886
HANCOCK,467,Devereux 1A,22,489
HANCOCK,588,Devereux 1B,319,907
HANCOCK,503,Linton A,201,704
HANCOCK,274,Linton B,91,365
HANCOCK,308,Mayfield 3A,36,344
HANCOCK,349,Mayfield 3B,33,382
HARALSON,611,BREMEN,2625,3236
HARALSON,203,BUCHANAN,1050,1253
HARALSON,84,BUNCOMBE,424,508
HARALSON,125,CORINTH,687,812
HARALSON,56,TWENTIETH,341,397
HARALSON,24,FELTON,137,161
HARALSON,46,LITTLE CREEK,326,372
HARALSON,14,MT VIEW,163,177
HARALSON,179,SEVENTH,714,893
HARALSON,33,BEREA-STEADMAN,282,315
HARALSON,321,TALLAPOOSA,1248,1569
HARALSON,93,WACO,449,542
HARRIS,410,CATAULA,1381,1791
HARRIS,652,ELLERSLIE,1858,2510
HARRIS,392,GOODMAN,560,952
HARRIS,553,HAMILTON,906,1459
HARRIS,331,LOWER 19TH,1256,1587
HARRIS,308,MULBERRY GROVE,1539,1847
HARRIS,133,PINE MOUNTAIN VALLEY,566,699
HARRIS,176,SKINNER,379,555
HARRIS,159,UPPER 19TH,792,951
HARRIS,184,VALLEY PLAINS,308,492
HARRIS,618,WAVERLY HALL,949,1567
HARRIS,229,WHITESVILLE,703,932
HART,1300,Hartwell,2303,3603
HART,245,Goldmine,760,1005
HART,379,Cokesbury,354,733
HART,363,Reed Creek,1283,1646
HART,164,Bowersville,586,750
HART,145,Shoal Creek,685,830
HART,274,Bio,546,820
HEARD,108,CENTRALHATCHEE,354,462
HEARD,46,COOKSVILLE - CORINTH,241,287
HEARD,108,ENON GROVE,435,543
HEARD,42,EPHESUS,313,355
HEARD,358,FRANKLIN,678,1036
HEARD,32,GLENLOCH,197,229
HEARD,62,ROOSTERVILLE,393,455
HEARD,133,SOUTHWEST,350,483
HEARD,59,WALNUT HILL,199,258
HENRY,1645,LOCUST GROVE,1380,3025
HENRY,282,TUSSAHAW,1758,2040
HENRY,432,SANDY RIDGE,2068,2500
HENRY,2674,WESTSIDE,659,3333
HENRY,2046,LOWES,2051,4097
HENRY,1194,SOUTH HAMPTON,1577,2771
HENRY,1863,NORTH HAMPTON,1816,3679
HENRY,1219,MT. CARMEL,734,1953
HENRY,2623,RED OAK,577,3200
HENRY,1874,WESLEY LAKES,1024,2898
HENRY,564,MCDONOUGH,454,1018
HENRY,425,MCMULLEN,1597,2022
HENRY,304,EAST LAKE,1674,1978
HENRY,1558,HICKORY FLAT,1306,2864
HENRY,837,STOCKBRIDGE EAST,346,1183
HENRY,1909,STOCKBRIDGE WEST,418,2327
HENRY,975,STAGECOACH,1011,1986
HENRY,791,COTTON INDIAN,1347,2138
HENRY,946,PLEASANT GROVE,1638,2584
HENRY,1163,AUSTIN ROAD,899,2062
HENRY,760,SWAN LAKE,1397,2157
HENRY,2103,SHAKERAG,343,2446
HENRY,2270,ELLENWOOD,505,2775
HENRY,533,UNITY GROVE,1960,2493
HENRY,1306,SHILOH,804,2110
HENRY,1414,PATES CREEK,1716,3130
HENRY,837,OAKLAND,1440,2277
HENRY,781,LAKE DOW,2141,2922
HENRY,1426,FLIPPEN,1149,2575
HENRY,1590,STOCKBRIDGE CENTRAL,842,2432
HENRY,620,KELLEYTOWN,1622,2242
HENRY,1300,LIGHTHOUSE,1054,2354
HENRY,548,DUTCHTOWN,1141,1689
HENRY,434,MT. BETHEL,1378,1812
HENRY,597,GROVE PARK,1176,1773
HENRY,563,LAKE HAVEN,1610,2173
HENRY,1084,MCDONOUGH CENTRAL,1175,2259
HENRY,271,TIMBERRIDGE,987,1258
HOUSTON,445,ANNX,808,1253
HOUSTON,893,BMS,2662,3555
HOUSTON,628,BON,1789,2417
HOUSTON,882,CENT,1870,2752
HOUSTON,1731,ELBC,377,2108
HOUSTON,1905,FMMS,3038,4943
HOUSTON,304,HAFS,766,1070
HOUSTON,494,HCHS,1140,1634
HOUSTON,1509,HCTC,2037,3546
HOUSTON,332,HEFS,413,745
HOUSTON,284,KATH,711,995
HOUSTON,768,MALL,1053,1821
HOUSTON,1410,MCMS,2968,4378
HOUSTON,524,MILL,882,1406
HOUSTON,732,NSES,1116,1848
HOUSTON,1364,NSMS,906,2270
HOUSTON,698,NSSH,513,1211
HOUSTON,401,QRUN,1334,1735
HOUSTON,1606,RECR,687,2293
HOUSTON,2522,ROZR,4660,7182
HOUSTON,1749,TMS,1688,3437
HOUSTON,789,TWPK,1144,1933
HOUSTON,732,VHS,2100,2832
IRWIN,35,Irwinville,465,500
IRWIN,23,Minnie,189,212
IRWIN,37,Roberts,215,252
IRWIN,859,Ocilla,902,1761
IRWIN,46,Osierfield,119,165
IRWIN,67,Mystic,301,368
IRWIN,22,Fletcher,228,250
IRWIN,52,Holt,119,171
JACKSON,566,North Jefferson,3079,3645
JACKSON,359,North Minish,956,1315
JACKSON,600,South Jefferson,1622,2222
JACKSON,448,South Minish,1495,1943
JACKSON,279,Redstone,757,1036
JACKSON,424,Randolph,3048,3472
JACKSON,192,Newtown,1155,1347
JACKSON,198,Harrisburg,969,1167
JACKSON,57,Cunningham,419,476
JACKSON,131,Miller,987,1118
JACKSON,76,Wilson,433,509
JACKSON,120,Hoschton,726,846
JACKSON,82,Talmo,578,660
JACKSON,143,Center,399,542
JACKSON,243,Attica,621,864
JACKSON,320,Porter,1891,2211
JASPER,47,SMITH/JORDAN/LAZENBY,219,266
JASPER,145,WYATT,550,695
JASPER,92,HILLSBORO,187,279
JASPER,1145,MONTICELLO,1248,2393
JASPER,216,MARTIN & BURNEY,1322,1538
JASPER,72,THOMPSON & BARNES,418,490
JASPER,128,SHADY DALE,192,320
JEFF DAVIS,512,Hazlehurst,326,838
JEFF DAVIS,65,Altamaha 1,398,463
JEFF DAVIS,58,Altamaha 2,810,868
JEFF DAVIS,132,Blackburn 1,318,450
JEFF DAVIS,46,Blackburn 2,395,441
JEFF DAVIS,143,Whitehead 1,460,603
JEFF DAVIS,55,Whitehead 2,387,442
JEFF DAVIS,178,Ocmulgee 1,681,859
JEFF DAVIS,86,Ocmulgee 2,221,307
JEFFERSON,132,Stapleton Crossroads,141,273
JEFFERSON,155,Matthews,254,409
JEFFERSON,989,Wrens,737,1726
JEFFERSON,1600,Louisville,951,2551
JEFFERSON,973,Wadley,336,1309
JEFFERSON,219,Bartow,151,370
JEFFERSON,137,Stapleton,240,377
JEFFERSON,56,Avera,189,245
JENKINS,467,Jenkins Co Prim/Elem,216,683
JENKINS,428,Court House,293,721
JENKINS,204,Perkins,439,643
JENKINS,135,Senior Citizens Bld,549,684
JENKINS,254,Four Points,390,644
JOHNSON,996,Wrightsville,1137,2133
JOHNSON,78,Smith,405,483
JOHNSON,168,Bray,368,536
JOHNSON,63,Kite,530,593
JONES,419,GRAY,1202,1621
JONES,1194,HAWKINS,668,1862
JONES,438,ETHRIDGE,668,1106
JONES,346,CLINTON,1088,1434
JONES,513,ROBERTS,921,1434
JONES,183,DAVIDSON,676,859
JONES,472,POPE,659,1131
JONES,212,BARRON,382,594
JONES,55,WHITE,196,251
JONES,32,SANDERS,86,118
JONES,410,FINNEY,1198,1608
LAMAR,1073,BARNESVILLE FBC,367,1440
LAMAR,168,CHAPPELL MILL V. FD,665,833
LAMAR,356,SENIOR CITZEN BLDG,554,910
LAMAR,70,REDBONE,334,404
LAMAR,461,L C S C,1267,1728
LAMAR,474,MILNER,1712,2186
LANIER,862,Lakeland,1078,1940
LANIER,79,Sirmans,216,295
LANIER,75,Stockton,308,383
LANIER,98,Westside,218,316
LAURENS,756,Family Life Center,1901,2657
LAURENS,2665,Calhoun Park,789,3454
LAURENS,568,Fire Dept Sta #5,1739,2307
LAURENS,153,Bailey,642,795
LAURENS,331,Buckeye,290,621
LAURENS,68,Burch,180,248
LAURENS,335,Burgamy,282,617
LAURENS,77,Cadwell,408,485
LAURENS,238,Brewton,677,915
LAURENS,164,Dudley,593,757
LAURENS,168,Hampton Mill,885,1053
LAURENS,139,Harvard,95,234
LAURENS,35,Minter,489,524
LAURENS,355,Rural Fire Sta #17,876,1231
LAURENS,91,Reedy Springs,447,538
LAURENS,913,Smith,915,1828
LAURENS,457,West Laurens,742,1199
LEE,200,Chokee,149,349
LEE,597,Redbone,2386,2983
LEE,336,Smithville,326,662
LEE,47,CJC,393,440
LEE,495,Leesburg,1385,1880
LEE,76,Friendship Bapt,479,555
LEE,594,First Baptist,2011,2605
LEE,84,SDA Church,667,751
LEE,318,Sovereign Grace,1211,1529
LEE,449,Century Fire Station,1307,1756
LIBERTY,631,Riceboro,112,743
LIBERTY,1550,Lyman Hall School,374,1924
LIBERTY,1102,Lewis Frasier School,703,1805
LIBERTY,853,Memorial Dr. East,169,1022
LIBERTY,250,Button Gwinnett,124,374
LIBERTY,889,Town of Allenhurst,243,1132
LIBERTY,594,Hinesville,536,1130
LIBERTY,1296,Dorchester,814,2110
LIBERTY,1164,Walthourville,291,1455
LIBERTY,247,Fleming West,76,323
LIBERTY,407,Fleming East,1166,1573
LIBERTY,490,Gum Branch,616,1106
LIBERTY,984,Hinesville Lodge 271,341,1325
LINCOLN,145,Midway,202,347
LINCOLN,409,Lincoln Club House,199,608
LINCOLN,279,Lincoln Center,846,1125
LINCOLN,149,Faith Temple of Linc,198,347
LINCOLN,357,Tabernacle,333,690
LINCOLN,81,Bethany Church,362,443
LINCOLN,166,Martins Crossroad,667,833
LONG,303,Beards Creek,385,688
LONG,322,Rye Patch/Oak Dale,688,1010
LONG,324,South Ludowici,230,554
LONG,235,North Ludowici,513,748
LONG,258,Tibet,490,748
LOWNDES,833,Hahira Historical So,3546,4379
LOWNDES,1903,Old Pine Grove Elem,2769,4672
LOWNDES,1251,Trinity Presbyterian Chur,4143,5394
LOWNDES,4033,Northside Bapt Gym,1572,5605
LOWNDES,2652,Jaycee Park Act Bldg,1060,3712
LOWNDES,174,Naylor City Hall,318,492
LOWNDES,710,Wood Valley Comm Ctr,1612,2322
LOWNDES,2131,Rainwater Conf Ctr,825,2956
LOWNDES,752,New Clyatt Fire Station,1573,2325
LOWNDES,2171,Mildred Hunter Comm,383,2554
LOWNDES,436,Dasher City Hall,1953,2389
LOWNDES,424,South Lowndes Rec,1573,1997
LUMPKIN,347,Dahlonega,1050,1397
LUMPKIN,252,East,1055,1307
LUMPKIN,202,North East,929,1131
LUMPKIN,319,North,1257,1576
LUMPKIN,259,South East,1270,1529
LUMPKIN,302,South West,1446,1748
LUMPKIN,374,West,1640,2014
MACON,488,Ideal,458,946
MACON,564,Oglethorpe,293,857
MACON,641,Marshallville,295,936
MACON,740,Montezuma 4,344,1084
MACON,778,Montezuma 5,155,933
MADISON,425,COLBERT,1275,1700
MADISON,59,COLLINS,300,359
MADISON,253,COMER,543,796
MADISON,304,DANIELSVILLE,1358,1662
MADISON,125,FORK,196,321
MADISON,40,HARRISON,291,331
MADISON,618,HULL,1400,2018
MADISON,144,ILA,721,865
MADISON,146,MILL,786,932
MADISON,23,PAOLI,127,150
MADISON,242,PITTMAN,957,1199
MADISON,115,POCA,489,604
MARION,110,Draneville,144,254
MARION,101,Pineknot,437,538
MARION,66,Doyle,112,178
MARION,914,Buena Vista,329,1243
MARION,62,Tazewell,177,239
MARION,35,Brantley,235,270
MARION,124,Ft. Perry,299,423
MCDUFFIE,629,Queen of Angels,125,754
MCDUFFIE,116,Airport,883,999
MCDUFFIE,216,Fort Creek,156,372
MCDUFFIE,341,Dearing Gym,1190,1531
MCDUFFIE,795,Vanderhorst,480,1275
MCDUFFIE,486,Salem Road,1135,1621
MCDUFFIE,971,Thomson Depot,176,1147
MCDUFFIE,150,Marshall Church,717,867
MCDUFFIE,120,Shrine,212,332
MCDUFFIE,220,Whiteoak,401,621
MCINTOSH,40,Sapelo Island,10,50
MCINTOSH,155,Townsend,244,399
MCINTOSH,935,Crescent,383,1318
MCINTOSH,792,Darien,910,1702
MCINTOSH,436,South Newport,991,1427
MCINTOSH,506,North Darien,871,1377
MERIWETHER,51,CHALYBEATE,244,295
MERIWETHER,325,MANCHESTER GILL I,673,998
MERIWETHER,579,MANCHESTER GILL II,115,694
MERIWETHER,101,ODESSADALE,94,195
MERIWETHER,684,GREENVILLE,493,1177
MERIWETHER,378,LONE OAK,298,676
MERIWETHER,687,LUTHERSVILLE,779,1466
MERIWETHER,381,ALVATON,479,860
MERIWETHER,86,GAY,160,246
MERIWETHER,493,WOODBURY,389,882
MERIWETHER,282,WARM SPRINGS,485,767
MERIWETHER,190,DURAND,247,437
MERIWETHER,71,RALEIGH,265,336
MERIWETHER,23,COVE,135,158
MILLER,852,Colquitt-Miller,1905,2757
MITCHELL,360,Baconton,319,679
MITCHELL,100,Branchville,322,422
MITCHELL,1100,Camilla North,193,1293
MITCHELL,1117,Camilla South,1098,2215
MITCHELL,26,Cotton,246,272
MITCHELL,52,Hopeful,187,239
MITCHELL,9,Hinsonton,97,106
MITCHELL,179,Lester,530,709
MITCHELL,19,Pebble City,108,127
MITCHELL,1061,Pelham,882,1943
MITCHELL,58,Sale City,173,231
MONROE,318,BENTONS,1287,1605
MONROE,81,BRANTLEYS,513,594
MONROE,243,BURGAYS,1312,1555
MONROE,141,CABANISS,279,420
MONROE,108,COX,350,458
MONROE,106,CULLODEN,165,271
MONROE,130,DILLARDS,455,585
MONROE,213,EVERS,865,1078
MONROE,1680,FORSYTH,957,2637
MONROE,166,HIGH FALLS,661,827
MONROE,229,KELSEYS,214,443
MONROE,146,MIDDLEBROOKS,668,814
MONROE,165,PROCTORS,414,579
MONROE,59,RUSSELLVILLE,221,280
MONTGOMERY,107,Ailey,232,339
MONTGOMERY,47,Alston,274,321
MONTGOMERY,174,Higgston,667,841
MONTGOMERY,31,Kibbee,295,326
MONTGOMERY,542,Mount Vernon,567,1109
MONTGOMERY,26,Tarrytown,203,229
MONTGOMERY,208,Uvalda,424,632
MORGAN,742,MADISON EAST,631,1373
MORGAN,240,BUCKHEAD,867,1107
MORGAN,185,BETH/SPRINGFIELD,733,918
MORGAN,337,MADISON SOUTH,645,982
MORGAN,53,CLACKS CHAPEL,304,357
MORGAN,112,WEST MORGAN,587,699
MORGAN,292,RUTLEDGE,818,1110
MORGAN,252,BOSTWICK,828,1080
MORGAN,108,APALACHEE,261,369
MORGAN,372,MADISON WEST,123,495
MORGAN,60,WEST ROAD,389,449
MURRAY,291,MCDONALD,845,1136
MURRAY,317,SHUCK PEN,1021,1338
MURRAY,309,SOUTHWEST,1033,1342
MURRAY,435,SPRING PLACE,1382,1817
MURRAY,733,TOWN,2478,3211
MURRAY,255,CARTERS-DOOLITTLE,807,1062
MURRAY,202,NORTH,877,1079
MUSCOGEE,2314,WYNNTON,755,3069
MUSCOGEE,2502,CARVER/MACK,67,2569
MUSCOGEE,3274,ST JOHN/BELVEDERE,182,3456
MUSCOGEE,503,BRITT DAVID BAPT CH,941,1444
MUSCOGEE,649,ST PETER U. M. C.,1398,2047
MUSCOGEE,934,CORNERSTONE CHURCH,1976,2910
MUSCOGEE,431,NORTHSIDE BAPTIST,765,1196
MUSCOGEE,864,ST. MARK/HEIFERHORN,2458,3322
MUSCOGEE,481,WYNNBROOK,2031,2512
MUSCOGEE,2897,CUSSETA RD,107,3004
MUSCOGEE,2349,MUSCOGEE/SPENCER,212,2561
MUSCOGEE,1597,EDDY/KEY,374,1971
MUSCOGEE,3207,MT. PILGRIM,115,3322
MUSCOGEE,2644,FAITH TABERNACLE,198,2842
MUSCOGEE,3078,FORT/WADDELL,625,3703
MUSCOGEE,3440,ROTHSCHILD,433,3873
MUSCOGEE,1073,EDGEWOOD BAPTIST,648,1721
MUSCOGEE,1309,GENTIAN/REESE @LDS,1755,3064
MUSCOGEE,1001,MOON/MORNINGSIDE,2106,3107
MUSCOGEE,1620,ST. ANDREWS/MIDLAND,2599,4219
MUSCOGEE,1503,PSALMOND/MATHEWS,2406,3909
MUSCOGEE,733,BLACKMON,1018,1751
MUSCOGEE,728,FIRST AFRICAN,161,889
MUSCOGEE,906,GALLOPS/HANNAN,342,1248
MUSCOGEE,528,FOX RECREATIONAL CTR,263,791
MUSCOGEE,880,EPWORTH,1343,2223
MUSCOGEE,1128,ST PAUL U.M.C.,2232,3360
NEWTON,654,City Pond,266,920
NEWTON,1900,Town,473,2373
NEWTON,1685,Almon,723,2408
NEWTON,1004,Alcovy,1436,2440
NEWTON,761,Covington Mills,779,1540
NEWTON,534,Brewers,1423,1957
NEWTON,384,Brick Store,1293,1677
NEWTON,647,Cedar Shoals,692,1339
NEWTON,1763,Livingston,749,2512
NEWTON,1541,Downs,1987,3528
NEWTON,687,Gum Creek,2018,2705
NEWTON,2137,Beaverdam,643,2780
NEWTON,308,Leguinn,972,1280
NEWTON,148,Mansfield,835,983
NEWTON,98,Newborn,417,515
NEWTON,457,Oxford,997,1454
NEWTON,827,Rocky Plains,1055,1882
NEWTON,1311,Buck Creek,1458,2769
NEWTON,1654,Stansells,841,2495
NEWTON,1070,Fairview,241,1311
NEWTON,2048,Crowell,357,2405
NEWTON,233,Hub,1327,1560
OCONEE,448,Annex,1090,1538
OCONEE,288,Colham Ferry,810,1098
OCONEE,178,Antioch,675,853
OCONEE,111,Farmington,300,411
OCONEE,246,Bishop,744,990
OCONEE,241,High Shoals,934,1175
OCONEE,105,North Oconee,505,610
OCONEE,224,Dark Corner,1225,1449
OCONEE,321,Bogart,1019,1340
OCONEE,606,Malcom Bridge,1771,2377
OCONEE,519,Athens Academy,1250,1769
OCONEE,720,Civic Center,1997,2717
OCONEE,414,City Hall,778,1192
OGLETHORPE,332,Beaverdam,943,1275
OGLETHORPE,420,Crawford,762,1182
OGLETHORPE,129,Falling Creek,279,408
OGLETHORPE,103,Grove Creek,209,312
OGLETHORPE,107,Glade,124,231
OGLETHORPE,118,Goosepond,234,352
OGLETHORPE,381,Lexington,823,1204
OGLETHORPE,108,Pleasant Hill,427,535
OGLETHORPE,136,Wolfskin,325,461
OGLETHORPE,80,Woodstock,125,205
PAULDING,948,SAMMY MCCLURE MID SC,4874,5822
PAULDING,316,NORTHSIDE ELEM SCH,1172,1488
PAULDING,721,MOSES MIDDLE SCHOOL,2241,2962
PAULDING,1266,RUSSOM ELEM SCH,4192,5458
PAULDING,1222,MT TABOR PARK,3950,5172
PAULDING,1283,WATSON GOVT COMPLEX,2164,3447
PAULDING,1617,HOPE CHURCH,2320,3937
PAULDING,1027,SARA RAGSDALE ELM SC,3122,4149
PAULDING,879,PAULDING CO HIGH SC,2067,2946
PAULDING,1426,HIRAM HIGH SCHOOL,2089,3515
PAULDING,2222,TAYLOR FARM PARK,3482,5704
PAULDING,1447,AUSTIN MIDDLE SCHOOL,3578,5025
PAULDING,1060,NEBO ELEMENTARY SCH,3430,4490
PAULDING,391,CARL SCOGGINS MID SC,2165,2556
PEACH,488,BYRON #1,1155,1643
PEACH,822,BYRON #2,1770,2592
PEACH,75,CLAUDE,418,493
PEACH,1071,FORT VALLEY #1,715,1786
PEACH,1195,FORT VALLEY #2,457,1652
PEACH,2302,FORT VALLEY #3,163,2465
PEACH,195,POWERSVILLE,609,804
PICKENS,284,YELLOW CREEK,1643,1927
PICKENS,297,SHARPTOP,1384,1681
PICKENS,175,APPALACHIAN,883,1058
PICKENS,215,REFUGE,1100,1315
PICKENS,154,HILL,800,954
PICKENS,45,HINTON,378,423
PICKENS,72,JERUSALEM,506,578
PICKENS,51,LUDVILLE,269,320
PICKENS,126,NELSON,694,820
PICKENS,99,TALKING ROCK,842,941
PICKENS,249,JASPER,934,1183
PICKENS,208,TOWNSEND,1114,1322
PIERCE,491,Hacklebarney/Cason,1303,1794
PIERCE,226,Blackshear,1429,1655
PIERCE,106,St Johns/Blackshear,814,920
PIERCE,74,Otter Creek,677,751
PIERCE,144,Patterson,565,709
PIERCE,26,Mershon,242,268
PIERCE,47,Alabaha,445,492
PIERCE,10,Sunset/Sweat,192,202
PIKE,220,Concord,642,862
PIKE,105,Hollonville,914,1019
PIKE,131,Meansville,680,811
PIKE,180,Molena,650,830
PIKE,174,Second District,1413,1587
PIKE,100,Lifsey Springs,593,693
PIKE,100,Williamson,849,949
PIKE,346,Zebulon,927,1273
POLK,320,ARAGON,1297,1617
POLK,223,BLOOMING GROVE,718,941
POLK,1276,CEDARTOWN,2207,3483
POLK,283,FISH CREEK,1058,1341
POLK,346,LAKE CREEK,1350,1696
POLK,980,ROCKMART,2269,3249
POLK,187,YOUNGS GROVE,912,1099
PULASKI,140,EAST PRECINCT,450,590
PULASKI,654,NORTH PRECINCT,874,1528
PULASKI,425,SOUTH PRECINCT,1120,1545
PUTNAM,436,101,749,1185
PUTNAM,504,102,227,731
PUTNAM,270,103,671,941
PUTNAM,825,104,248,1073
PUTNAM,311,105,1847,2158
PUTNAM,116,106,612,728
PUTNAM,257,107,991,1248
PUTNAM,207,108,870,1077
QUITMAN,569,Georgetown,463,1032
QUITMAN,43,Morris,47,90
RABUN,1559,Rabun,5754,7313
RANDOLPH,67,Coleman,88,155
RANDOLPH,337,Shellman,178,515
RANDOLPH,96,Benevolence,160,256
RANDOLPH,825,Cuthbert/Courthouse,423,1248
RANDOLPH,267,Cuthbert,12,279
RANDOLPH,25,Carnegie,214,239
RANDOLPH,13,Fountain Bridge-5th,71,84
RANDOLPH,127,Springvale,63,190
RANDOLPH,13,4th District,62,75
RICHMOND,233,101,292,525
RICHMOND,385,102,162,547
RICHMOND,883,103,8,891
RICHMOND,1714,104,89,1803
RICHMOND,250,105,1,251
RICHMOND,349,106,139,488
RICHMOND,591,107,642,1233
RICHMOND,345,108,33,378
RICHMOND,543,109,150,693
RICHMOND,147,110,27,174
RICHMOND,451,111,128,579
RICHMOND,268,112,223,491
RICHMOND,786,113,30,816
RICHMOND,475,114,46,521
RICHMOND,124,115,93,217
RICHMOND,852,201,24,876
RICHMOND,1286,202,428,1714
RICHMOND,660,203,6,666
RICHMOND,196,204,302,498
RICHMOND,336,205,316,652
RICHMOND,213,206,219,432
RICHMOND,1053,207,11,1064
RICHMOND,1206,208,234,1440
RICHMOND,479,209,145,624
RICHMOND,951,210,152,1103
RICHMOND,556,301,1295,1851
RICHMOND,428,302,125,553
RICHMOND,201,303,831,1032
RICHMOND,87,304,181,268
RICHMOND,57,305,312,369
RICHMOND,1226,306,932,2158
RICHMOND,367,307,768,1135
RICHMOND,147,308,119,266
RICHMOND,2739,310,698,3437
RICHMOND,1273,401,53,1326
RICHMOND,1566,402,118,1684
RICHMOND,1959,404,249,2208
RICHMOND,1327,405,72,1399
RICHMOND,1514,406,105,1619
RICHMOND,4,407,6,10
RICHMOND,289,408,35,324
RICHMOND,890,501,140,1030
RICHMOND,1553,502,129,1682
RICHMOND,2099,503,361,2460
RICHMOND,375,504,146,521
RICHMOND,955,505,43,998
RICHMOND,189,506,77,266
RICHMOND,374,507,167,541
RICHMOND,423,508,183,606
RICHMOND,1211,509,150,1361
RICHMOND,950,510,82,1032
RICHMOND,1421,601,467,1888
RICHMOND,336,602,562,898
RICHMOND,632,603,607,1239
RICHMOND,645,604,262,907
RICHMOND,739,605,269,1008
RICHMOND,678,606,504,1182
RICHMOND,1149,607,46,1195
RICHMOND,265,608,553,818
RICHMOND,587,701,1149,1736
RICHMOND,562,702,908,1470
RICHMOND,1282,703,1270,2552
RICHMOND,524,705,1001,1525
RICHMOND,712,706,1474,2186
RICHMOND,737,707,749,1486
RICHMOND,48,708,145,193
RICHMOND,90,801,199,289
RICHMOND,93,801B,183,276
RICHMOND,625,802,1062,1687
RICHMOND,36,803,13,49
RICHMOND,669,804,449,1118
RICHMOND,812,804H,921,1733
RICHMOND,268,805,145,413
RICHMOND,256,806,472,728
RICHMOND,611,807,176,787
RICHMOND,625,808,833,1458
RICHMOND,550,809,27,577
RICHMOND,73,810,122,195
ROCKDALE,1430,Barksdale,1717,3147
ROCKDALE,271,Bethel,705,976
ROCKDALE,1203,Conyers,488,1691
ROCKDALE,1934,Fieldstone,487,2421
ROCKDALE,1637,Flat Shoals,803,2440
ROCKDALE,566,Honey Creek,1077,1643
ROCKDALE,1072,Hightower,836,1908
ROCKDALE,652,The Lakes,396,1048
ROCKDALE,1275,Lorraine,1372,2647
ROCKDALE,723,Magnet,1301,2024
ROCKDALE,1453,Milstead,588,2041
ROCKDALE,2459,Olde Towne,541,3000
ROCKDALE,1697,Rockdale,987,2684
ROCKDALE,1288,Salem,812,2100
ROCKDALE,506,Sheffield,998,1504
ROCKDALE,1796,Smyrna,967,2763
ROCKDALE,1150,St. Pius,417,1567
ROCKDALE,911,Stanton,1224,2135
SCHLEY,448,Precinct One,1286,1734
SCREVEN,357,Sylvania,415,772
SCREVEN,108,Hunters,193,301
SCREVEN,275,Newington,363,638
SCREVEN,452,Jenk Hill Fire Sta,311,763
SCREVEN,110,Rocky Ford,232,342
SCREVEN,105,Bay Branch,475,580
SCREVEN,338,Hiltonia,293,631
SCREVEN,167,Screven Rec Dept,94,261
SCREVEN,158,Greenhill Church,449,607
SCREVEN,517,Sr Citizens Center,248,765
SCREVEN,71,Jackson Fire Station,176,247
SCREVEN,116,Foy’s Store,38,154
SEMINOLE,299,Precinct 1,585,884
SEMINOLE,270,Precinct 2,461,731
SEMINOLE,607,Precinct 3,69,676
SEMINOLE,206,Precinct 4,514,720
SEMINOLE,96,Precinct 5,616,712
SPALDING,970,SECOND BAPTISH CH,79,1049
SPALDING,977,FAIRMONT,63,1040
SPALDING,156,MEMORIAL DR PLAZA,785,941
SPALDING,150,THIRD WARD,666,816
SPALDING,1038,GA EXP STATION,869,1907
SPALDING,973,CITY PARK,235,1208
SPALDING,174,FIRST METHODIST,905,1079
SPALDING,260,BOY SCOUTS HDQTRS,836,1096
SPALDING,157,CABIN,892,1049
SPALDING,386,CARVER,743,1129
SPALDING,457,FIRST PRESBYTERIA,1033,1490
SPALDING,186,LIBERTY,725,911
SPALDING,184,COUNTY LINE,1228,1412
SPALDING,263,SUNNYSIDE METHODI,676,939
SPALDING,40,BLALOCK,344,384
SPALDING,908,GARY REID,614,1522
SPALDING,411,AMBUCS,636,1047
SPALDING,904,COMMUNITY,106,1010
SPALDING,415,FIRST ASSEMBLY,1166,1581
SPALDING,266,ROBERTS,1048,1314
SPALDING,623,SUN CITY,1262,1885
STEPHENS,569,Toccoa #1,1314,1883
STEPHENS,353,Toccoa #2,908,1261
STEPHENS,350,Toccoa #3,1563,1913
STEPHENS,79,Broad River,506,585
STEPHENS,25,Currahee,255,280
STEPHENS,181,Martin,417,598
STEPHENS,192,Wolf Pit,1014,1206
STEPHENS,382,Big Smith,1244,1626
STEWART,543,Richland,308,851
STEWART,133,Louvale,73,206
STEWART,569,Lumpkin,309,878
STEWART,78,Omaha,55,133
SUMTER,1324,C1-27,416,1740
SUMTER,859,C2-27,1140,1999
SUMTER,1531,C3-27,250,1781
SUMTER,544,E-27,702,1246
SUMTER,43,N-26,222,265
SUMTER,428,O-26,363,791
SUMTER,570,W-27,750,1320
SUMTER,488,15,680,1168
SUMTER,250,17,232,482
SUMTER,254,28,424,678
SUMTER,84,29,199,283
TALBOT,241,ONEAL,156,397
TALBOT,287,VALLEY,243,530
TALBOT,247,JUNCTION CITY,113,360
TALBOT,241,GENEVA,133,374
TALBOT,625,TALBOTTON,128,753
TALBOT,143,BOX SPRINGS,159,302
TALBOT,481,FLINT HILL,270,751
TALIAFERRO,139,Sharon,67,206
TALIAFERRO,497,Crawfordville,256,753
TATTNALL,99,Cobbtown,332,431
TATTNALL,15,Longview,138,153
TATTNALL,205,Collins,503,708
TATTNALL,44,Manassas,110,154
TATTNALL,510,District II,854,1364
TATTNALL,55,Birdford,311,366
TATTNALL,235,East Glennville,790,1025
TATTNALL,504,District IV,987,1491
TATTNALL,230,District V,681,911
TAYLOR,662,#1 BUTLER FIRE DEPT.,101,763
TAYLOR,32,#3 HOWARD,210,242
TAYLOR,216,#5 COURTHOUSE,895,1111
TAYLOR,662,#6 REYNOLDS,742,1404
TELFAIR,289,Helena,389,678
TELFAIR,163,Jacksonville,304,467
TELFAIR,328,Lumber City,367,695
TELFAIR,857,McRae,802,1659
TELFAIR,99,Milan,448,547
TELFAIR,69,Scotland,170,239
TERRELL,1530,Dawson,455,1985
TERRELL,319,Sasser,583,902
TERRELL,305,Bronwood,278,583
TERRELL,129,Parrott,164,293
TERRELL,155,Graves,242,397
TERRELL,106,Herod-Dover,112,218
THOMAS,110,Barwick,322,432
THOMAS,548,Boston,527,1075
THOMAS,600,Central,1237,1837
THOMAS,163,Coolidge,424,587
THOMAS,1119,Douglass,182,1301
THOMAS,128,Ellabelle,619,747
THOMAS,231,Fire Station 2,776,1007
THOMAS,322,Gatlin Creek,1042,1364
THOMAS,980,Harper,266,1246
THOMAS,482,Jerger,864,1346
THOMAS,258,Meigs,257,515
THOMAS,172,Merrillville,290,462
THOMAS,58,Metcalfe,145,203
THOMAS,299,New Covenant,1008,1307
THOMAS,134,Ochlocknee,575,709
THOMAS,48,Patten,210,258
THOMAS,85,Pavo,360,445
THOMAS,455,Remington ESC,804,1259
THOMAS,928,Resource Center,59,987
THOMAS,533,Scott,1189,1722
TIFT,613,Tifton Northeast,1177,1790
TIFT,202,Brighton,1251,1453
TIFT,106,Brookfield,721,827
TIFT,123,Chula,804,927
TIFT,62,Docia,652,714
TIFT,91,Eldorado,570,661
TIFT,102,Omega,316,418
TIFT,161,Ty Ty,514,675
TIFT,445,Tifton Northwest,1390,1835
TIFT,862,Tifton South,267,1129
TIFT,1368,Mott-Litman Gym,237,1605
TIFT,525,Tifton Lodge,1286,1811
TOOMBS,33,1192nd Blue Ridge,252,285
TOOMBS,78,1403rd-Marvin,156,234
TOOMBS,30,1521st-Hardens Chapel,255,285
TOOMBS,459,1536-1 Lyons,678,1137
TOOMBS,98,1536-2 Santa Claus,756,854
TOOMBS,24,1715th-Normantown,256,280
TOOMBS,12,1770th-Ohoopee,89,101
TOOMBS,163,1823rd-Center,685,848
TOOMBS,32,39th-New Branch,274,306
TOOMBS,58,43rd-Cedar Crossing,485,543
TOOMBS,767,51-1 Old Health Dept,586,1353
TOOMBS,285,51-2 S.T.I,509,794
TOOMBS,310,51-3 V.P.D.,828,1138
TOOMBS,397,51-4 S.T.I.A.L.C,715,1112
TOWNS,484,Young Harris,1545,2029
TOWNS,1,Tate City,28,29
TOWNS,399,Macedonia,1679,2078
TOWNS,389,Hiawassee,1624,2013
TREUTLEN,25,Blackville,165,190
TREUTLEN,20,Gillis Springs,118,138
TREUTLEN,41,Lothair,249,290
TREUTLEN,24,Oglethorpe,104,128
TREUTLEN,23,Orland,142,165
TREUTLEN,941,Soperton,874,1815
TROUP,538,HOLLIS HAND,1959,2497
TROUP,1264,ADMINISTRATION BLDG,442,1706
TROUP,1247,HAMMETT RD,922,2169
TROUP,1384,GRIGGS CENTER,44,1428
TROUP,894,WEST POINT,379,1273
TROUP,704,HOGANSVILLE,976,1680
TROUP,413,EAST VERNON,1536,1949
TROUP,405,ROSEMONT,1758,2163
TROUP,394,MOUNTVILLE,703,1097
TROUP,504,MCLENDON,1700,2204
TROUP,459,LONG CANE,1335,1794
TROUP,513,GARDNER NEWMAN,779,1292
TROUP,345,GRAY HILL,704,1049
TROUP,356,LEES CROSSING,445,801
TROUP,517,HIGHLAND,441,958
TROUP,610,NORTHSIDE,1056,1666
TURNER,1302,Ashburn,911,2213
TURNER,169,Sycamore,873,1042
TURNER,39,Rebecca,244,283
TWIGGS,244,DRY BRANCH,594,838
TWIGGS,713,GOLDEN ISLES,371,1084
TWIGGS,164,HIGGSVILLE,352,516
TWIGGS,796,JEFFERSONVILLE/WARE,345,1141
TWIGGS,353,SHADY GROVE/TARVERS,245,598
UNION,316,Blairsville,1098,1414
UNION,236,Coosa,1150,1386
UNION,127,Choestoe,652,779
UNION,213,Jones Creek,878,1091
UNION,194,Owltown,720,914
UNION,200,Ivy Log,940,1140
UNION,80,Suches,307,387
UNION,132,Trackrock,530,662
UNION,182,Dooley,615,797
UNION,219,Gumlog,980,1199
UNION,240,Pat Colwell,903,1143
UPSON,149,THE JUG,163,312
UPSON,821,REDBONE,1962,2783
UPSON,442,LINCOLN PARK,38,480
UPSON,105,YATESVILLE,458,563
UPSON,270,SALEM,32,302
UPSON,156,REEVES,1044,1200
UPSON,40,THE ROCK,205,245
UPSON,143,ATWATER,700,843
UPSON,1833,TOWN,2628,4461
WALKER,804,LAFAYETTE,2044,2848
WALKER,242,CENTER POST,941,1183
WALKER,733,ROCK SPRING,2683,3416
WALKER,139,ARMUCHEE VALLEY,541,680
WALKER,121,MOUNTAIN,491,612
WALKER,830,CHATTANOOGA VALLEY,2516,3346
WALKER,224,KENSINGTON,563,787
WALKER,792,ROSSVILLE,1940,2732
WALKER,781,CHICKAMAUGA,2825,3606
WALKER,192,FAIRYLAND,687,879
WALKER,416,FAIRVIEW,1016,1432
WALTON,353,Bold Springs,2327,2680
WALTON,107,Whatley,584,691
WALTON,368,Walker Park,1760,2128
WALTON,81,Gratis,716,797
WALTON,461,Between,2263,2724
WALTON,194,Walnut Grove,1221,1415
WALTON,396,Loganville North,2211,2607
WALTON,865,Social Circle,1688,2553
WALTON,595,South Monroe,1369,1964
WALTON,1352,North Monroe,852,2204
WALTON,538,Loganville South,1696,2234
WALTON,311,West Walton,2317,2628
WALTON,306,Broken Arrow,2070,2376
WALTON,221,Bay Creek,1609,1830
WALTON,813,E Monroe,957,1770
WALTON,229,Atha Road,1044,1273
WALTON,465,Oasis,1351,1816
WALTON,140,Mountain,556,696
WALTON,96,Jersey,949,1045
WALTON,102,Blasingame,594,696
WALTON,155,Good Hope,902,1057
WARE,2003,District 1,321,2324
WARE,484,District 2A,1011,1495
WARE,363,District 2B,197,560
WARE,418,1231-150B,1791,2209
WARE,108,1231-150C,435,543
WARE,267,1231-151,1745,2012
WARE,32,Beach-Bickley,199,231
WARE,30,Haywood,316,346
WARE,93,Jamestown,874,967
WARE,32,Manor,284,316
WARE,23,Millwood,260,283
WARE,47,Waresboro,508,555
WARREN,965,Warrenton,402,1367
WARREN,108,Camak,167,275
WARREN,207,Norwood,95,302
WARREN,191,Beall Springs,160,351
WARREN,45,Ricketson,123,168
WARREN,13,Pan Handle,43,56
WASHINGTON,165,RIDDLEVILLE,258,423
WASHINGTON,268,WARTHEN,280,548
WASHINGTON,988,TENNILLE,678,1666
WASHINGTON,220,OCONEE,208,428
WASHINGTON,255,HARRISON,374,629
WASHINGTON,296,DAVISBORO,254,550
WASHINGTON,2413,SANDERSVILLE,1733,4146
WASHINGTON,109,DEEPSTEP,250,359
WAYNE,99,Odum,653,752
WAYNE,65,Madray Springs,636,701
WAYNE,117,Oglethorpe,931,1048
WAYNE,208,Screven,615,823
WAYNE,21,Ritch,197,218
WAYNE,53,Empire,539,592
WAYNE,161,Red Hill,457,618
WAYNE,361,Altamaha,970,1331
WAYNE,71,Gardi,329,400
WAYNE,11,Mt. Pleasant,180,191
WAYNE,460,VFW,76,536
WAYNE,316,Pine Street,168,484
WAYNE,401,Unity,875,1276
WAYNE,203,Rec Center,668,871
WAYNE,49,East Jesup,263,312
WEBSTER,582,Preston 1,601,1183
WHEELER,506,Alamo,771,1277
WHEELER,266,Glenwood,595,861
WHITE,231,Blue Creek,1090,1321
WHITE,76,Blue Ridge,414,490
WHITE,71,Helen,226,297
WHITE,175,Mossy Creek,1286,1461
WHITE,352,Mt. Yonah,1816,2168
WHITE,252,Nacoochee,698,950
WHITE,50,Robertstown,167,217
WHITE,171,Shoal Creek,952,1123
WHITE,86,Tesnatee,535,621
WHITE,113,Town Creek,668,781
WHITE,94,White Creek,799,893
WHITFIELD,326,ANTIOCH,428,754
WHITFIELD,175,CARBONDALE,644,819
WHITFIELD,161,COHUTTA,549,710
WHITFIELD,447,DUG GAP,1317,1764
WHITFIELD,234,EASTSIDE,474,708
WHITFIELD,288,FINCHER,733,1021
WHITFIELD,315,GROVE LEVEL,717,1032
WHITFIELD,75,LOWER TENTH,541,616
WHITFIELD,156,MILL CREEK,684,840
WHITFIELD,229,NINTH,990,1219
WHITFIELD,620,PLEASANT GROVE,1829,2449
WHITFIELD,434,TUNNEL HILL,1440,1874
WHITFIELD,74,TILTON,282,356
WHITFIELD,121,TRICHUM,660,781
WHITFIELD,105,UPPER TENTH,423,528
WHITFIELD,585,VARNELL,2244,2829
WHITFIELD,361,WESTSIDE,1160,1521
WHITFIELD,434,1A,511,945
WHITFIELD,483,2A,1250,1733
WHITFIELD,350,3A,906,1256
WHITFIELD,385,4A,1134,1519
WHITFIELD,487,5A,220,707
WHITFIELD,365,6A,169,534
WILCOX,349,Rochelle North 1,71,420
WILCOX,135,Abbeville North 2,145,280
WILCOX,183,Pineview 2,242,425
WILCOX,105,Pitts 3,433,538
WILCOX,112,Rochelle South 4,614,726
WILCOX,176,Abbeville South 5,548,724
WILKES,640,Senior Citizen Center,376,1016
WILKES,165,Young Farmer's Bldg,712,877
WILKES,113,Metasville Fire Station,275,388
WILKES,517,Edward B Pope Center,205,722
WILKES,170,Rayle City Hall,239,409
WILKES,232,Courthouse,509,741
WILKES,250,Tignall Sch Lunch RM,319,569
WILKINSON,35,Bloodworth,207,242
WILKINSON,30,Griffin,108,138
WILKINSON,23,High Hill,93,116
WILKINSON,336,Irwinton,276,612
WILKINSON,91,Ivey,476,567
WILKINSON,265,Lord,242,507
WILKINSON,600,Midway,126,726
WILKINSON,678,Ramah,514,1192
WILKINSON,123,Turkey Creek,204,327
WORTH,1116,Sylvester,545,1661
WORTH,31,Scooterville,307,338
WORTH,48,Minton,267,315
WORTH,151,Bridgeboro,593,744
WORTH,73,County Line,345,418
WORTH,125,Isabella,820,945
WORTH,68,Piney Woods,95,163
WORTH,168,Sylver East,685,853
WORTH,123,Poulan,431,554
WORTH,92,Sumner,363,455
WORTH,45,Shingler,330,375
WORTH,180,Red Rock,467,647
WORTH,39,Doles,258,297
WORTH,64,Oakfield,79,143
WORTH,164,Warwick,284,448
