county,dem_votes,precinct,rep_votes,total
APPLING,92,1B,684,776
APPLING,42,1C,496,538
APPLING,742,2,427,1169
APPLING,4,3A,208,212
APPLING,17,3A1,319,336
APPLING,98,3B,101,199
APPLING,154,3C,670,824
APPLING,14,4A,261,275
APPLING,7,4B,305,312
APPLING,10,4C,284,294
APPLING,83,4D,624,707
APPLING,68,5A,530,598
APPLING,79,5B,336,415
APPLING,24,5C,247,271
ATKINSON,135,Pearson County,846,981
ATKINSON,29,Axson,375,404
ATKINSON,257,Willacoochee,488,745
ATKINSON,275,Pearson City,164,439
BACON,476,Douglas,1571,2047
BACON,58,New Lacy,696,754
BACON,30,Taylor,520,550
BACON,25,Ware,328,353
BACON,18,Warnock,241,259
BAKER,32,Anna,73,105
BAKER,133,Elmodel,124,257
BAKER,105,Hoggard Mill,92,197
BAKER,74,Milford,133,207
BAKER,306,Newton,353,659
BALDWIN,524,South Milledgeville,131,655
BALDWIN,303,City Hall Annex,178,481
BALDWIN,533,Boddie,124,657
BALDWIN,167,Courthouse,127,294
BALDWIN,642,Fire Dept,227,869
BALDWIN,669,North Milledgeville,756,1425
BALDWIN,604,Meriweather,1063,1667
BALDWIN,1011,East Baldwin,1313,2324
BALDWIN,218,Scottsboro,383,601
BALDWIN,614,North Baldwin,1623,2237
BALDWIN,539,West Baldwin,608,1147
BALDWIN,532,East Hardwick,110,642
BALDWIN,1336,West Hardwick,366,1702
BALDWIN,273,Coopers,682,955
BANKS,84,Anderson,736,820
BANKS,67,Baldwin,433,500
BANKS,17,Berlin,188,205
BANKS,29,Bushville,374,403
BANKS,21,Columbia,224,245
BANKS,103,Davids,820,923
BANKS,57,Golden Hill,410,467
BANKS,21,Grove River,309,330
BANKS,48,Hollingsworth,368,416
BANKS,80,Homer,744,824
BANKS,79,Poplar Springs,839,918
BANKS,48,Washington,343,391
BANKS,30,Wilmonts,342,372
BARROW,365,01 Bethlehem Community Center,1339,1704
BARROW,423,02 Bethabra Baptist Church,1775,2198
BARROW,337,03 Bramlett Elementary School,1317,1654
BARROW,284,04 Westside Middle School,1117,1401
BARROW,645,05 Fire Station 1 (Statham),2008,2653
BARROW,278,06 Winder Barrow High School,908,1186
BARROW,490,07 Statham Elementary School,1047,1537
BARROW,328,08 First Baptist Church Winder,1444,1772
BARROW,417,09 Lions Club,1634,2051
BARROW,577,10 Leisure Services Center,761,1338
BARROW,466,11 Apalachee High School,1277,1743
BARROW,287,12 Midway United Methodist Church,1272,1559
BARROW,329,13 Winder Community Center,978,1307
BARROW,124,14 Cedar Creek Baptist Church,577,701
BARROW,295,15 County Line Elementary School,1604,1899
BARROW,935,16 The Church at Winder,2047,2982
BARTOW,565,ADAIRSVILLE,2834,3399
BARTOW,432,ALLATOONA,1623,2055
BARTOW,1084,CARTERSVILLE EAST,2302,3386
BARTOW,1190,CARTERSVILLE WEST,2929,4119
BARTOW,613,BEAVERS DRIVE,2446,3059
BARTOW,372,CENTER,1825,2197
BARTOW,289,EMERSON,1379,1668
BARTOW,420,EUHARLEE,1659,2079
BARTOW,60,FOLSOM,697,757
BARTOW,222,KINGSTON,1251,1473
BARTOW,648,MISSION ROAD,2519,3167
BARTOW,131,PINE LOG,1082,1213
BARTOW,159,TAYLORSVILLE,1479,1638
BARTOW,204,WHITE,1326,1530
BARTOW,935,ZENA DRIVE,1871,2806
BARTOW,734,CASSVILLE,1999,2733
BARTOW,146,WOODLAND HIGH,658,804
BEN HILL,1114,East,1088,2202
BEN HILL,984,West,2646,3630
BERRIEN,48,West Berrien,625,673
BERRIEN,159,Ray City,837,996
BERRIEN,561,Nashville,2904,3465
BERRIEN,77,Enigma,515,592
BERRIEN,196,Alapaha,527,723
BIBB,949,EAST MACON 1,26,975
BIBB,1993,EAST MACON 2,100,2093
BIBB,1282,EAST MACON 3,487,1769
BIBB,1229,EAST MACON 4,63,1292
BIBB,1120,EAST MACON 5,317,1437
BIBB,2669,GODFREY 1,189,2858
BIBB,767,GODFREY 2,67,834
BIBB,1500,GODFREY 3,153,1653
BIBB,885,GODFREY 4,103,988
BIBB,2183,GODFREY 5,285,2468
BIBB,1547,HAZZARD 1,230,1777
BIBB,1166,HAZZARD 2,1123,2289
BIBB,2659,HAZZARD 3,1106,3765
BIBB,443,HAZZARD 4,1000,1443
BIBB,709,HAZZARD 5,999,1708
BIBB,427,HOWARD 1,657,1084
BIBB,101,HOWARD 2 - 02,340,441
BIBB,747,HOWARD 2 - 08,1429,2176
BIBB,2169,HOWARD 3,3096,5265
BIBB,446,HOWARD 4,585,1031
BIBB,457,HOWARD 5,459,916
BIBB,523,HOWARD 6,813,1336
BIBB,566,HOWARD 7,1180,1746
BIBB,1313,RUTLAND 1,2296,3609
BIBB,640,RUTLAND 2,1374,2014
BIBB,1225,VINEVILLE 1,575,1800
BIBB,829,VINEVILLE 2,281,1110
BIBB,1471,VINEVILLE 3,122,1593
BIBB,1937,VINEVILLE 4,223,2160
BIBB,555,VINEVILLE 5,910,1465
BIBB,825,VINEVILLE 6,937,1762
BIBB,554,WARRIOR 1,1130,1684
BIBB,705,WARRIOR 2,1330,2035
BLECKLEY,1094,FAIRGROUND,3717,4811
BRANTLEY,135,Hoboken,1861,1996
BRANTLEY,274,Nahunta,2018,2292
BRANTLEY,210,Waynesville,1682,1892
BROOKS,1362,Quitman,803,2165
BROOKS,51,Barwick,172,223
BROOKS,346,Dixie,313,659
BROOKS,234,Briggs,1001,1235
BROOKS,85,Pavo,249,334
BROOKS,58,Nankin,387,445
BROOKS,368,Morven,754,1122
BRYAN,449,Pembroke,852,1301
BRYAN,299,Danielsiding,1000,1299
BRYAN,199,Ellabell,848,1047
BRYAN,282,Black Creek,1111,1393
BRYAN,337,Ways Station,514,851
BRYAN,510,RH Recreation,870,1380
BRYAN,439,J.F. Gregory Park,1435,1874
BRYAN,595,Keller,1757,2352
BRYAN,508,HWY 144 East,1389,1897
BRYAN,392,Public Safety,737,1129
BULLOCH,118,Lockhart,285,403
BULLOCH,444,Emit,1190,1634
BULLOCH,1678,Statesboro,1479,3157
BULLOCH,270,Portal,681,951
BULLOCH,1130,Fair,2198,3328
BULLOCH,1462,Church,1495,2957
BULLOCH,1880,Pittman Park,1052,2932
BULLOCH,68,Leefield,471,539
BULLOCH,290,Blitch,903,1193
BULLOCH,443,Hagin,824,1267
BULLOCH,371,Brooklet,1278,1649
BULLOCH,192,Stilson,827,1019
BULLOCH,98,Bay,734,832
BULLOCH,140,Nevils,509,649
BULLOCH,42,Sinkhole,250,292
BULLOCH,186,Register,300,486
BURKE,120,Alexander,140,260
BURKE,385,Four Points,826,1211
BURKE,247,Girard,191,438
BURKE,180,Gough,97,277
BURKE,240,Greenscut,363,603
BURKE,127,Keysville,92,219
BURKE,152,Midville,117,269
BURKE,72,Munnerlyn,94,166
BURKE,238,Sardis,337,575
BURKE,111,Scotts Crossroads,59,170
BURKE,281,Telfair,279,560
BURKE,138,St. Clair,128,266
BURKE,101,Vidette,95,196
BURKE,1286,North Waynesboro,404,1690
BURKE,843,South Waynesboro,1120,1963
BURKE,209,Blakeney,149,358
BUTTS,1225,BUTTS CO COMM CENTER,1130,2355
BUTTS,537,JENKINSBURG,1039,1576
BUTTS,163,STARK,1657,1820
BUTTS,497,TOWALIGA,1816,2313
BUTTS,144,WORTHVILLE,1075,1219
CALHOUN,274,Leary,212,491
CALHOUN,130,Morgon,303,437
CALHOUN,240,Edison,48,290
CALHOUN,228,Edison-Arlington,159,389
CALHOUN,306,Arlington,107,416
CAMDEN,177,Tarboro,414,591
CAMDEN,273,Waverly,668,941
CAMDEN,453,Woodbine,702,1155
CAMDEN,69,Browntown,334,403
CAMDEN,228,Harrietts Bluff,910,1138
CAMDEN,361,West Kingsland,1088,1449
CAMDEN,648,North Kingsland,625,1273
CAMDEN,376,Kingsland,699,1075
CAMDEN,978,East Kingsland,2072,3050
CAMDEN,343,North St Marys,448,791
CAMDEN,620,Mary Lee Clark,1070,1690
CAMDEN,436,South St Marys,779,1215
CAMDEN,425,Mush Bluff,963,1388
CAMDEN,527,West Saint Marys,1515,2042
CANDLER,620,Metter -1685,1381,2001
CANDLER,403,Candler-1736,1280,1683
CARROLL,51,KANSAS (1006),601,652
CARROLL,365,BOWDON (1111),1243,1608
CARROLL,577,SANDHILL (1122),1631,2208
CARROLL,128,CENTER POINT (1152),926,1054
CARROLL,107,LOWELL (1163),769,876
CARROLL,161,MT ZION (1240),897,1058
CARROLL,149,BURWELL (1371),652,801
CARROLL,419,CLEM (1483),1647,2066
CARROLL,180,BOWDON JUNCTION (1496),504,684
CARROLL,164,TYUS (1533),881,1045
CARROLL,632,FAIRFIELD (1540),1740,2372
CARROLL,191,HULETT (1542),1156,1347
CARROLL,807,BETHANY (501),1322,2129
CARROLL,297,V R COUNTY SOUTH (640),1182,1479
CARROLL,702,V R COUNTY NORTH (641),1897,2599
CARROLL,1400,VILLA RICA CITY (642),1668,3068
CARROLL,372,TEMPLE COUNTY (649),1672,2044
CARROLL,530,TEMPLE CITY (650),1179,1709
CARROLL,150,WHITESBURG (682),1005,1155
CARROLL,146,ROOPVILLE (713),752,898
CARROLL,1043,WEST CARROLLTON (714A1),323,1366
CARROLL,370,EAST CARROLLTON REC (714A2),517,887
CARROLL,739,BONNER (714A3),1138,1877
CARROLL,891,UNIVERSITY OF W. GA (714A4),700,1591
CARROLL,538,COUNTY ADMIN BLDG (714A5),732,1270
CARROLL,320,TABERNACLE CHURCH (714A6),534,854
CARROLL,268,EMC (714BN),508,776
CARROLL,310,OLD CAMP CHURCH (714BW),1067,1377
CARROLL,191,OAK GROVE (715),704,895
CARROLL,224,NEW HOPE (716),436,660
CATOOSA,143,BLACKSTOCK,854,997
CATOOSA,660,BOYNTON,2880,3540
CATOOSA,214,CATOOSA KEITH,1245,1459
CATOOSA,258,CHAMBERS,1362,1620
CATOOSA,486,FORT OGLETHORPE,1764,2250
CATOOSA,442,GRAYSVILLE,1949,2391
CATOOSA,372,LAKEVIEW,1421,1793
CATOOSA,384,POPLAR SPRINGS,2120,2504
CATOOSA,883,RINGGOLD,3412,4295
CATOOSA,657,WESTSIDE,2334,2991
CATOOSA,270,WOODSTATION,1519,1789
CHARLTON,780,Folkston,644,1424
CHARLTON,17,GA Bend,272,289
CHARLTON,32,St. George,392,424
CHARLTON,42,American Legion,450,492
CHARLTON,59,Homeland,423,482
CHARLTON,48,Folkston Fire,411,459
CHARLTON,12,Racepond,167,179
CHARLTON,14,Winokur,191,205
CHATHAM,1235,1-01 First Presbyterian Church,908,2143
CHATHAM,734,1-05 JEA Building,559,1293
CHATHAM,562,1-06 Central Chur of Christ,793,1355
CHATHAM,437,1-08 Grace United Meth Chur,599,1036
CHATHAM,214,1-09 Immanuel Bapt Church,156,370
CHATHAM,199,1-10 Saint Thomas Episcopal Church,568,767
CHATHAM,417,1-12 Isle of Hope Baptist,978,1395
CHATHAM,293,1-13 The Sanctuary,476,769
CHATHAM,388,1-14 St Luke Church,733,1121
CHATHAM,447,1-16 Ferguson Ave Baptist,1326,1773
CHATHAM,605,1-17 Islands Christian Church,1444,2049
CHATHAM,629,2-02 Blackshear Comm Ctr,146,775
CHATHAM,674,2-03 W. W. Law Center,108,782
CHATHAM,1532,2-04 Fellowship of Love,64,1596
CHATHAM,952,2-05 Holy Spirit Lutheran,108,1060
CHATHAM,239,2-06 Eli Whitney,37,276
CHATHAM,1275,2-07 Christ Comm. Church,196,1471
CHATHAM,1553,2-09 The Salvation Army,202,1755
CHATHAM,768,2-11 S Gardens Christian,153,921
CHATHAM,655,2-12 Williams Court Apts,96,751
CHATHAM,168,3-01 Old Courthouse,123,291
CHATHAM,610,3-02 Rose of Sharon,361,971
CHATHAM,472,3-03 Savannah High School,58,530
CHATHAM,772,3-04 First African Baptist,44,816
CHATHAM,733,3-05 Aldersgate Youth Cent,257,990
CHATHAM,461,3-08 Jenkins High School,217,678
CHATHAM,171,3-09 Cokesbury Methodist,273,444
CHATHAM,1225,3-10 Bible Baptist Church,200,1425
CHATHAM,607,3-11 Southside Bapt Church,152,759
CHATHAM,552,3-12 Thunderbolt Muni. Complex,447,999
CHATHAM,1289,3-13 New Cov 7 Day Adv Ch,455,1744
CHATHAM,1062,3-14 Riverview Health Reh,276,1338
CHATHAM,253,3-15 Eli Whitney Complex,264,517
CHATHAM,484,4-02 Frank Murray Comm Ct,868,1352
CHATHAM,423,4-04 Lighthouse Baptist Ch,1076,1499
CHATHAM,437,4-05 St Francis Episcopal,1051,1488
CHATHAM,383,4-06 First Baptist Church,1019,1402
CHATHAM,629,4-07 Wilm Is Un Meth Ch,1394,2023
CHATHAM,472,4-08 Wilmington Island Pr,1325,1797
CHATHAM,359,4-10 Guard House Comm Ctr,653,1012
CHATHAM,446,4-11 Tybee Island School Cafe,690,1136
CHATHAM,519,4-12 St Peters Episcopal,1213,1732
CHATHAM,524,4-13 Skid Is Pres Church,1300,1824
CHATHAM,404,4-14 Skidaway Island Methodist Church,868,1272
CHATHAM,435,4-15 Skidaway Island State Park,942,1377
CHATHAM,396,5-01 Bartlett Middle Sch,133,529
CHATHAM,354,5-02 Senior Citizens Cent,34,388
CHATHAM,517,5-03 Butler Presbyterian,11,528
CHATHAM,1444,5-05 Liberty City Comm Ctr,22,1466
CHATHAM,1004,5-06 Wildwood United Meth,163,1167
CHATHAM,685,5-07 Elks Lodge,215,900
CHATHAM,661,5-08 Savannah Primitive,303,964
CHATHAM,1742,5-10 Jonesville Bapt Church,65,1807
CHATHAM,1101,5-11 Largo-Tibet Elem,347,1448
CHATHAM,585,6-01 White Bluff Pres Chr,373,958
CHATHAM,666,6-02 Windsor Forest Baptist,914,1580
CHATHAM,870,6-03 Crusader Comm Ctr,645,1515
CHATHAM,608,6-05 Windsor Golden Age,387,995
CHATHAM,360,6-06 The Light,398,758
CHATHAM,808,6-08 Savannah Commons,317,1125
CHATHAM,1187,6-09 Trinity Lutheran Ch,935,2122
CHATHAM,1187,6-10 Georgetown Elem,1190,2377
CHATHAM,1341,6-11 Bamboo Farms,776,2117
CHATHAM,317,7-01 Garden City Senior Ctr,460,777
CHATHAM,208,7-03 P B Edwards Gym,514,722
CHATHAM,1439,7-04 Lake Shore Comm Ctr,700,2139
CHATHAM,328,7-05 Woodlawn Bapt Ch,273,601
CHATHAM,661,7-06 Pooler City Hall,894,1555
CHATHAM,1262,7-07 Rothwell Bapt Ch,2019,3281
CHATHAM,220,7-08 Bloomingdale Com Ctr,1102,1322
CHATHAM,614,7-09 Southwest Baptist Ch,625,1239
CHATHAM,1067,7-10 Progressive Rec Ctr,724,1791
CHATHAM,1068,7-11 Seventh Day Adv Chr,858,1926
CHATHAM,1515,7-12 Pooler Church,1630,3145
CHATHAM,547,7-13 Garden City City Hall,1123,1670
CHATHAM,2338,7-14 Coastal Cathedral,1269,3607
CHATHAM,272,8-01 Civic Center,69,341
CHATHAM,727,8-02 Bull Street Baptist,143,870
CHATHAM,134,8-03 Silk Hope Bapt Ch,275,409
CHATHAM,642,8-05 W Broad St YMCA,17,659
CHATHAM,456,8-06 Tompkins Rec Ctr,8,464
CHATHAM,311,8-07 Woodville-Tompkins,12,323
CHATHAM,840,8-08 Resur Of Our Lord Ch,15,855
CHATHAM,701,8-09 Moses Jackson Ctr,11,712
CHATHAM,989,8-10 Carver Heights Comm Ctr,10,999
CHATHAM,925,8-11 Butler Elem School,6,931
CHATHAM,434,8-12 Beach High School,103,537
CHATHAM,131,8-13 Savannah Christ. Sch,258,389
CHATHAM,693,8-15 Garden City Rec Ctr,65,758
CHATTAHOOCHEE,593,Chattahoochee Acvitity Center,746,1339
CHATTOOGA,58,CLOUDLAND,158,216
CHATTOOGA,48,PENNVILLE,272,320
CHATTOOGA,53,COLDWATER,106,159
CHATTOOGA,16,DIRTSELLER,106,122
CHATTOOGA,15,HAYWOOD,89,104
CHATTOOGA,94,LYERLY,445,539
CHATTOOGA,306,TRION,1588,1894
CHATTOOGA,758,SUMMERVILLE,2097,2855
CHATTOOGA,40,TELOGA,320,360
CHATTOOGA,96,DIRTTOWN,453,549
CHATTOOGA,5,SEMINOLE,77,82
CHATTOOGA,30,SUBLIGNA,295,325
CHATTOOGA,93,ALPINE,451,544
CHEROKEE,491,AIR ACRES,1284,1775
CHEROKEE,617,ARNOLD MILL,2183,2800
CHEROKEE,268,AVERY,1661,1929
CHEROKEE,280,BALL GROUND,1940,2220
CHEROKEE,664,BASCOMB,1898,2562
CHEROKEE,1068,BELLS,1849,2917
CHEROKEE,699,BOOTH,1943,2642
CHEROKEE,557,BRADSHAW,2306,2863
CHEROKEE,707,BRIDGEMILL,2596,3303
CHEROKEE,1003,CANTON,2390,3393
CHEROKEE,750,CARMEL,1384,2134
CHEROKEE,1177,WOODSTOCK,2138,3315
CHEROKEE,317,CLAYTON,1841,2158
CHEROKEE,45,CONNS CREEK,424,469
CHEROKEE,490,DEER RUN,1405,1895
CHEROKEE,962,DIXIE,2143,3105
CHEROKEE,525,FREEHOME,2850,3375
CHEROKEE,816,HICKORY FLAT,2599,3415
CHEROKEE,280,HIGHTOWER,1836,2116
CHEROKEE,498,HILLSIDE,1722,2220
CHEROKEE,292,HOLLY SPRINGS,1224,1516
CHEROKEE,758,KELLOGG,2058,2816
CHEROKEE,1235,LIBERTY,3204,4439
CHEROKEE,1456,LITTLE RIVER,2790,4246
CHEROKEE,520,MACEDONIA,2437,2957
CHEROKEE,432,MOUNTAIN ROAD,1565,1997
CHEROKEE,458,OAK GROVE,1624,2082
CHEROKEE,227,R M MOORE,1708,1935
CHEROKEE,362,R T JONES,888,1250
CHEROKEE,583,ROSECREEK,1922,2505
CHEROKEE,43,SALACOA,376,419
CHEROKEE,428,SIXES,1550,1978
CHEROKEE,204,SUTALLEE,1305,1509
CHEROKEE,939,TEASLEY,3463,4402
CHEROKEE,911,TOONIGH,2911,3822
CHEROKEE,436,UNION HILL,2062,2498
CHEROKEE,502,UNIVETER,2654,3156
CHEROKEE,366,VICTORIA,1438,1804
CHEROKEE,352,WALESKA,1259,1611
CHEROKEE,387,WILDCAT,1530,1917
CHEROKEE,813,WOODLANDS,1411,2224
CHEROKEE,1285,NEESE,2840,4125
CLARKE,931,1A W'ville Train Depot,618,1549
CLARKE,1268,1B Gaines School,704,1972
CLARKE,899,1C Whit Davis School,500,1399
CLARKE,1192,1D Whit Davis School,710,1902
CLARKE,1550,2A Judia J. Harris Sch,325,1875
CLARKE,2035,2B Howard Stroud School,216,2251
CLARKE,1060,3A Clarke Central High,131,1191
CLARKE,2086,3B Thomas N. Lay Park,640,2726
CLARKE,723,4A Athens Transit Ctr,261,984
CLARKE,1963,4B Memorial Park,708,2671
CLARKE,1260,5A Oglethorpe School,580,1840
CLARKE,1196,5B Whitehead Rd School,500,1696
CLARKE,1243,5C Chase Street School,154,1397
CLARKE,1106,5D ACC Fleet Mgt Bldg,324,1430
CLARKE,947,6A Cleveland Rd School,845,1792
CLARKE,1387,6B Ga Square Mall,829,2216
CLARKE,1071,6C Timothy Road School,837,1908
CLARKE,733,6D Firestation #4,287,1020
CLARKE,1077,7A Timothy Road School,692,1769
CLARKE,1220,7B Alps Elem. School,704,1924
CLARKE,1070,7C Firestation #3,635,1705
CLARKE,1231,8A Gaines School,533,1764
CLARKE,863,8B Cedar Shls High Sch,370,1233
CLARKE,1403,8C Firestation #7,588,1991
CLAY,78,Bluffton,150,228
CLAY,159,Zetto,79,238
CLAY,181,Courthouse,41,222
CLAY,162,Old Head Start,126,288
CLAY,117,Day's Cross Roads,170,287
CLAYTON,3156,ELLENWOOD,218,3374
CLAYTON,1011,FOREST PARK 1,265,1276
CLAYTON,953,FOREST PARK 2,183,1136
CLAYTON,877,FOREST PARK 3,222,1099
CLAYTON,569,FOREST PARK 4,282,851
CLAYTON,1257,FOREST PARK 5,263,1520
CLAYTON,456,FOREST PARK 6,204,660
CLAYTON,2160,JONESBORO 1,207,2367
CLAYTON,2014,JONESBORO 2,108,2122
CLAYTON,1787,JONESBORO 3,384,2171
CLAYTON,805,JONESBORO 4,172,977
CLAYTON,820,JONESBORO 5,269,1089
CLAYTON,836,JONESBORO 6,840,1676
CLAYTON,1382,JONESBORO 7,328,1710
CLAYTON,1562,JONESBORO 8,115,1677
CLAYTON,470,JONESBORO 9,131,601
CLAYTON,1221,JONESBORO 10,158,1379
CLAYTON,1656,JONESBORO 11,483,2139
CLAYTON,1322,JONESBORO 12,109,1431
CLAYTON,946,JONESBORO 13,182,1128
CLAYTON,1763,JONESBORO 14,854,2617
CLAYTON,1047,JONESBORO 15,128,1175
CLAYTON,905,JONESBORO 16,126,1031
CLAYTON,2141,JONESBORO 17,164,2305
CLAYTON,1340,JONESBORO 18,206,1546
CLAYTON,1173,LAKE CITY,154,1327
CLAYTON,1771,LOVEJOY 1,313,2084
CLAYTON,1411,LOVEJOY 2,196,1607
CLAYTON,2676,LOVEJOY 3,572,3248
CLAYTON,2014,LOVEJOY 4,232,2246
CLAYTON,1363,LOVEJOY 5,147,1510
CLAYTON,1314,MORROW 1,128,1442
CLAYTON,678,MORROW 2,338,1016
CLAYTON,1823,MORROW 3,337,2160
CLAYTON,725,MORROW 4,234,959
CLAYTON,2415,MORROW 5,407,2822
CLAYTON,1203,MORROW 6,243,1446
CLAYTON,756,MORROW 7,160,916
CLAYTON,1457,MORROW 8,114,1571
CLAYTON,607,MORROW 9,112,719
CLAYTON,1082,OAK 1,36,1118
CLAYTON,693,OAK 2,41,734
CLAYTON,1689,OAK 3,67,1756
CLAYTON,1627,OAK 4,59,1686
CLAYTON,1548,PANHANDLE 1,217,1765
CLAYTON,1204,PANHANDLE 2,456,1660
CLAYTON,1234,RIVERDALE 1,106,1340
CLAYTON,1573,RIVERDALE 2,76,1649
CLAYTON,1674,RIVERDALE 3,86,1760
CLAYTON,1738,RIVERDALE 4,192,1930
CLAYTON,1409,RIVERDALE 5,108,1517
CLAYTON,1213,RIVERDALE 6,195,1408
CLAYTON,895,RIVERDALE 7,134,1029
CLAYTON,1468,RIVERDALE 8,159,1627
CLAYTON,1225,RIVERDALE 9,146,1371
CLAYTON,1144,RIVERDALE 10,43,1187
CLAYTON,982,RIVERDALE 11,60,1042
CLAYTON,1497,RIVERDALE 12,110,1607
CLINCH,7,Arabia,59,66
CLINCH,39,Argyle,162,201
CLINCH,58,Dupont,115,173
CLINCH,15,Fargo,156,171
CLINCH,566,Homerville,1232,1798
COBB,1363,Acworth 1A,1721,3084
COBB,1152,Acworth 1B,1607,2759
COBB,1532,Acworth 1C,1037,2569
COBB,681,Addison 01,898,1579
COBB,1995,Austell 1A,523,2518
COBB,792,Bells Ferry 02,1041,1833
COBB,1357,Bells Ferry 03,2108,3465
COBB,667,Big Shanty 01,887,1554
COBB,805,Big Shanty 02,1185,1990
COBB,1460,Baker 01,1257,2717
COBB,899,Birney 01,558,1457
COBB,1441,Birney 02,922,2363
COBB,1190,Bryant 01,74,1264
COBB,2450,Bryant 02,140,2590
COBB,767,Blackwell 01,875,1642
COBB,2134,Chattahoochee 01,780,2914
COBB,702,Cheatham Hill 02,1298,2000
COBB,1117,Cheatham Hill 03,1507,2624
COBB,1468,Chalker 01,1282,2750
COBB,666,Clarkdale 01,448,1114
COBB,2063,Clarkdale 02,981,3044
COBB,1998,Cooper 01,625,2623
COBB,809,Chestnut Ridge 01,1410,2219
COBB,823,Dickerson 01,1145,1968
COBB,1638,Dobbins 01,400,2038
COBB,973,Dowell 01,1059,2032
COBB,553,Dodgen 01,929,1482
COBB,718,Durham 01,2056,2774
COBB,502,Davis 01,803,1305
COBB,832,Eastside 01,1231,2063
COBB,1115,Eastside 02,1651,2766
COBB,1240,Elizabeth 01,685,1925
COBB,617,Elizabeth 02,961,1578
COBB,723,Elizabeth 03,1138,1861
COBB,928,Elizabeth 04,709,1637
COBB,860,Elizabeth 05,1071,1931
COBB,733,East Piedmont 01,694,1427
COBB,1564,Fair Oaks 01,603,2167
COBB,1617,Fair Oaks 02,588,2205
COBB,738,Fair Oaks 04,436,1174
COBB,542,Fair Oaks 05,297,839
COBB,982,Fullers Park 01,1274,2256
COBB,557,Ford 01,1562,2119
COBB,511,Frey 01,1115,1626
COBB,759,Garrison Mill 01,1119,1878
COBB,960,Gritters 01,1472,2432
COBB,2753,Harmony Leland 01,646,3399
COBB,491,Harrison 01,1412,1903
COBB,1146,Hightower 01,1713,2859
COBB,789,Hayes 01,1796,2585
COBB,652,Kennesaw 1A,688,1340
COBB,936,Kennesaw 2A,1250,2186
COBB,1899,Kennesaw 3A,1227,3126
COBB,1002,Kennesaw 4A,1155,2157
COBB,1708,Kennesaw 5A,1788,3496
COBB,461,Kell 01,840,1301
COBB,335,Kemp 01,943,1278
COBB,978,Kemp 02,1643,2621
COBB,633,Kemp 03,2032,2665
COBB,843,Lasssiter 01,1606,2449
COBB,2170,Lindley 01,796,2966
COBB,738,Lost Mountain 01,1567,2305
COBB,680,Lost Mountain 02,2112,2792
COBB,1081,Lost Mountain 03,2342,3423
COBB,558,Lost Mountain 04,1238,1796
COBB,324,Lewis 01,769,1093
COBB,1794,Mableton 01,982,2776
COBB,948,Mableton 02,503,1451
COBB,903,Mableton 03,829,1732
COBB,468,Mableton 04,536,1004
COBB,392,Mabry 01,797,1189
COBB,1554,Macland 01,740,2294
COBB,1035,Murdock 01,1611,2646
COBB,1102,McEachern 01,1002,2104
COBB,442,McCleskey 01,752,1194
COBB,326,McClure 01,747,1073
COBB,1176,Marietta 1A,497,1673
COBB,536,Marietta 2A,948,1484
COBB,1491,Marietta 2B,1069,2560
COBB,2095,Marietta 3A,1499,3594
COBB,372,Marietta 4A,1008,1380
COBB,614,Marietta 4B,623,1237
COBB,648,Marietta 4C,1231,1879
COBB,1244,Marietta 5A,378,1622
COBB,905,Marietta 5B,290,1195
COBB,908,Marietta 6A,307,1215
COBB,924,Marietta 6B,913,1837
COBB,1206,Marietta 7A,273,1479
COBB,472,Mars Hill 01,1638,2110
COBB,646,Mars Hill 02,1027,1673
COBB,1172,Mount Bethel 01,1668,2840
COBB,956,Mount Bethel 03,1181,2137
COBB,805,Mount Bethel 04,1237,2042
COBB,593,North Cobb 01,785,1378
COBB,2088,Nickajack 01,703,2791
COBB,1410,Norton Park 01,1074,2484
COBB,570,Nicholson 01,976,1546
COBB,1378,Oakdale 01,1083,2461
COBB,387,Oregon 01,762,1149
COBB,2300,Oregon 02,858,3158
COBB,1179,Oregon 03,576,1755
COBB,1772,Oregon 04,724,2496
COBB,1277,Oregon 05,1128,2405
COBB,2283,Pebblebrook 01,500,2783
COBB,959,Powers Ferry 01,1098,2057
COBB,685,Pine Mountain 01,1605,2290
COBB,501,Pine Mountain 02,1597,2098
COBB,849,Post Oak 01,1629,2478
COBB,797,Pope 01,1316,2113
COBB,587,Palmer 01,1042,1629
COBB,1633,Powder Springs 1A,925,2558
COBB,1450,Powder Springs 2A,415,1865
COBB,1448,Powder Springs 3A,622,2070
COBB,647,Pitner 01,1087,1734
COBB,852,Rocky Mountain 01,1381,2233
COBB,905,Riverside 01,84,989
COBB,1534,Roswell 01,2292,3826
COBB,1041,Roswell 02,1450,2491
COBB,849,Sandy Plains 01,1048,1897
COBB,916,Shallowford Fall 01,1401,2317
COBB,533,Simpson 01,766,1299
COBB,976,Sewell Mill 01,1270,2246
COBB,1372,Sewell Mill 03,1208,2580
COBB,1589,Smyrna 1A,485,2074
COBB,2199,Smyrna 2A,785,2984
COBB,2241,Smyrna 3A,1373,3614
COBB,2065,Smyrna 4A,1765,3830
COBB,1360,Smyrna 5A,681,2041
COBB,2161,Smyrna 6A,1635,3796
COBB,2622,Smyrna 7A,1358,3980
COBB,583,Sope Creek 01,977,1560
COBB,1355,Sope Creek 02,1486,2841
COBB,721,Sope Creek 03,1225,1946
COBB,1147,Sweetwater 01,897,2044
COBB,1137,Sweetwater 02,382,1519
COBB,1982,Terrell Mill 01,869,2851
COBB,767,Timber Ridge 01,1000,1767
COBB,598,Vaughn 01,1538,2136
COBB,859,Vinings 01,584,1443
COBB,2238,Vinings 02,1221,3459
COBB,1598,Vinings 03,991,2589
COBB,1008,Vinings 04,1270,2278
COBB,1361,Wade Green 02,1410,2771
COBB,750,Wileo 01,1254,2004
COFFEE,3170,Douglas,5973,9143
COFFEE,229,Ambrose,1006,1235
COFFEE,50,Bridgetown,151,201
COFFEE,371,Broxton,1102,1473
COFFEE,225,Nicholls,795,1020
COFFEE,45,West Green,548,593
COLQUITT,1089,Shaw,317,1406
COLQUITT,900,Moultrie,1522,2422
COLQUITT,147,Autreyville,627,774
COLQUITT,76,Bridgecreek,689,765
COLQUITT,38,Crosland,104,142
COLQUITT,149,Doerun,248,397
COLQUITT,86,Funston,573,659
COLQUITT,51,Hamilton,399,450
COLQUITT,23,Hartsfield,265,288
COLQUITT,139,Hopewell,805,944
COLQUITT,75,Lee,483,558
COLQUITT,27,Millcreek,245,272
COLQUITT,131,Monk,745,876
COLQUITT,62,Murphy,558,620
COLQUITT,278,Norman Park,1006,1284
COLQUITT,82,Robinson,431,513
COLQUITT,17,Thigpen,128,145
COLQUITT,22,Tyty,254,276
COLQUITT,68,Warrior,493,561
COLUMBIA,52,Kiokee Baptist Church-10,502,554
COLUMBIA,125,Kiokee Baptist Church-12,1022,1147
COLUMBIA,861,Lewis Methodist Church,2013,2874
COLUMBIA,207,Woodlawn Baptist Church,672,879
COLUMBIA,1078,Patriots Park,1753,2831
COLUMBIA,63,Harlem Middle School-10,289,352
COLUMBIA,185,Harlem Middle School-12,600,785
COLUMBIA,219,Harlem Baptist Church-10,345,564
COLUMBIA,204,Harlem Baptist Church-12,259,463
COLUMBIA,160,Bessie Thomas Center,1074,1234
COLUMBIA,429,Philadelphia Church,749,1178
COLUMBIA,812,Grovetown City Hall,881,1693
COLUMBIA,599,Grovetown Methodist Church,536,1135
COLUMBIA,256,G A Apostolic Church,699,955
COLUMBIA,713,Grovetown Middle School,695,1408
COLUMBIA,701,Warren Baptist Church - Grovetown,638,1339
COLUMBIA,208,Eubank/Blanchard Center,673,881
COLUMBIA,286,Second Mt Carmel Bapt Church,188,474
COLUMBIA,68,Damascus Baptist Church,576,644
COLUMBIA,399,Col Cty Bd Of Edu,972,1371
COLUMBIA,387,Greenbrier High,1392,1779
COLUMBIA,781,Redeemer Church,1910,2691
COLUMBIA,267,Riverside Elementary,624,891
COLUMBIA,766,Grace Baptist Church,1332,2098
COLUMBIA,395,Christ Sanctified,1108,1503
COLUMBIA,256,Blanchard Park,821,1077
COLUMBIA,415,Mtz Col Fire Dept #4,729,1144
COLUMBIA,455,Belair Baptist Church,1039,1494
COLUMBIA,388,Marvin Methodist Church,770,1158
COLUMBIA,274,Westside Bapt Church,859,1133
COLUMBIA,156,Trinity Bapt Church,596,752
COLUMBIA,343,Abilene Baptist,879,1222
COLUMBIA,423,Augusta Christian,967,1390
COLUMBIA,289,Stevens Creek Elem,887,1176
COLUMBIA,392,Gospel Water Branch,712,1104
COLUMBIA,347,Genesis Church,926,1273
COLUMBIA,523,Stevens Creek Church,1348,1871
COLUMBIA,268,Mtz Col Fire Hdqtr,491,759
COLUMBIA,348,Lakeside Middle,811,1159
COLUMBIA,349,Martinez Baptist,676,1025
COLUMBIA,282,Gold Cross EMS,962,1244
COLUMBIA,485,Church of our Savior,876,1361
COLUMBIA,409,West Acres Baptist,1167,1576
COLUMBIA,107,Journey Comm. Church,458,565
COLUMBIA,451,Wesley Methodist,1376,1827
COLUMBIA,410,Col Cty Main Library,777,1187
COLUMBIA,441,Christ Church,1380,1821
COLUMBIA,419,Blue Ridge Elementary,988,1407
COLUMBIA,412,Christ The King Luth Ch,1063,1475
COOK,455,Cecil,494,949
COOK,279,Delle Beamguard,1092,1371
COOK,261,Elm Pine,14,275
COOK,165,Lenox,568,733
COOK,93,Massee,445,538
COOK,105,New Life Bapt. Church,665,770
COOK,99,Riverbend,703,802
COOK,295,Sparks,194,489
COWETA,716,SENOIA,2596,3312
COWETA,253,MORELAND,1274,1527
COWETA,172,PINE ROAD,1040,1212
COWETA,94,DRESDEN,453,547
COWETA,1043,NEWNAN,696,1739
COWETA,520,SHARPSBURG,2350,2870
COWETA,586,FISCHER ROAD,1940,2526
COWETA,654,CEDAR CREEK,2711,3365
COWETA,457,GRANTVILLE,1017,1474
COWETA,217,HARALSON,1166,1383
COWETA,379,WELCOME,1557,1936
COWETA,387,PANTHER CREEK,1360,1747
COWETA,234,RAYMOND,1218,1452
COWETA,498,TURIN,2016,2514
COWETA,571,SMOKEY ROAD,811,1382
COWETA,259,TURKEY CREEK,323,582
COWETA,954,CENTRAL,259,1213
COWETA,2041,ARTS CENTRE,5093,7134
COWETA,540,GREENTOP,1031,1571
COWETA,305,EXPO CENTER,878,1183
COWETA,752,WHITE OAK,2170,2922
COWETA,746,MADRAS,1822,2568
COWETA,441,CANNONGATE,1981,2422
COWETA,317,WESTSIDE,149,466
COWETA,473,NORTHSIDE,1031,1504
COWETA,661,THOMAS CROSSROADS,2677,3338
COWETA,206,COWETA CENTRAL LIBRARY,869,1075
COWETA,2096,JEFFERSON PARKWAY,2025,4121
CRAWFORD,135,1A,153,288
CRAWFORD,376,1B - COUNTY,218,594
CRAWFORD,12,1B - CITY,7,19
CRAWFORD,407,2 - COUNTY,487,894
CRAWFORD,100,2 - CITY,61,161
CRAWFORD,128,3 - COUNTY,811,939
CRAWFORD,25,3 - CITY,64,89
CRAWFORD,126,4,905,1031
CRAWFORD,110,5,926,1036
CRISP,81,Arabi,391,472
CRISP,61,Coney,576,637
CRISP,2581,Cordele,2342,4923
CRISP,78,Jamestown,735,813
CRISP,34,Listonia,495,529
DADE,94,SOUTH DADE,445,539
DADE,140,NEW SALEM,590,730
DADE,119,DAVIS,967,1086
DADE,45,NEW HOME,348,393
DADE,131,WEST BROW,537,668
DADE,210,TRENTON,1345,1555
DADE,226,NORTH DADE,815,1041
DAWSON,363,West,1232,1595
DAWSON,474,Central,4674,5148
DAWSON,607,East,3974,4581
DECATUR,56,Mt Pleasant,378,434
DECATUR,87,Recovery,361,448
DECATUR,77,Kendrick,262,339
DECATUR,154,Climax,497,651
DECATUR,132,Brinson,423,555
DECATUR,583,West Bainbridge,683,1266
DECATUR,1355,Bainbridge-Coliseum,2164,3519
DECATUR,916,Bridge-Fairgrounds,857,1773
DECATUR,744,Attapulgus,384,1128
DEKALB,1571,ALLGOOD ELEM,172,1743
DEKALB,1081,ASHFORD DUNWOODY RD,897,1978
DEKALB,782,ASHFORD PARK ELEM,809,1591
DEKALB,1400,ASHFORD PARKSIDE,954,2354
DEKALB,784,AUSTIN,1064,1848
DEKALB,1101,AUSTIN DRIVE,60,1161
DEKALB,1483,AVONDALE,550,2033
DEKALB,949,AVONDALE HIGH - 04,164,1113
DEKALB,847,AVONDALE HIGH - 05,93,940
DEKALB,2398,BETHUNE MIDDLE,78,2476
DEKALB,1106,BOULDERCREST RD,53,1159
DEKALB,2575,BOULEVARD,236,2811
DEKALB,1364,BRIAR VISTA ELEM,408,1772
DEKALB,1193,BRIARCLIFF,686,1879
DEKALB,706,BRIARLAKE ELEM,486,1192
DEKALB,870,BRIARWOOD,513,1383
DEKALB,966,BROCKETT,584,1550
DEKALB,1042,BROCKETT ELEM,546,1588
DEKALB,1164,BROOKHAVEN,988,2152
DEKALB,2293,BROWNS MILL ELEM,80,2373
DEKALB,1725,BURGESS ELEM,133,1858
DEKALB,1081,CANBY LANE ELEM,31,1112
DEKALB,1533,CANDLER,72,1605
DEKALB,1695,CANDLER-MURPHEY CANDLER ELEM,133,1828
DEKALB,2431,CEDAR GROVE ELEM,91,2522
DEKALB,813,CEDAR GROVE MIDDLE,23,836
DEKALB,2235,CEDAR GROVE SOUTH,75,2310
DEKALB,631,CHAMBLEE ,361,992
DEKALB,969,CHAMBLEE 2,686,1655
DEKALB,1907,CHAPEL HILL ELEM,49,1956
DEKALB,932,CHESNUT ELEM,415,1347
DEKALB,1963,CLAIREMONT EAST,350,2313
DEKALB,1995,CLAIREMONT WEST,329,2324
DEKALB,1422,CLAIRMONT ROAD,425,1847
DEKALB,2387,CLARKSTON,230,2617
DEKALB,919,CLIFTON ELEM,39,958
DEKALB,1141,COLUMBIA DRIVE,37,1178
DEKALB,744,COLUMBIA ELEM,8,752
DEKALB,948,COLUMBIA MIDDLE,27,975
DEKALB,1565,CORALWOOD,665,2230
DEKALB,846,COVINGTON,83,929
DEKALB,349,COVINGTON HWY LIBRARY,19,368
DEKALB,782,CROSS KEYS HIGH,483,1265
DEKALB,1569,CROSSROADS,78,1647
DEKALB,1077,DORAVILLE NORTH,380,1457
DEKALB,488,DORAVILLE SOUTH,203,691
DEKALB,1903,DRESDEN ELEM,726,2629
DEKALB,1554,DRUID HILLS HIGH,279,1833
DEKALB,986,DUNAIRE ELEM,133,1119
DEKALB,1069,DUNWOODY,722,1791
DEKALB,662,DUNWOODY HIGH,766,1428
DEKALB,779,DUNWOODY LIBRARY,1039,1818
DEKALB,2095,EAST LAKE ELEM,186,2281
DEKALB,787,EMBRY HILLS,508,1295
DEKALB,663,EMORY ROAD,124,787
DEKALB,1728,EMORY SOUTH,470,2198
DEKALB,2603,EPWORTH,281,2884
DEKALB,1222,EVANSDALE ELEM,510,1732
DEKALB,2250,FAIRINGTON ELEM,62,2312
DEKALB,1300,FERNBANK ELEM,320,1620
DEKALB,1130,FLAKES MILL FIRE STATION,29,1159
DEKALB,1705,FLAT ROCK ELEM,58,1763
DEKALB,1095,FLAT SHOALS,26,1121
DEKALB,1127,FLAT SHOALS ELEM,24,1151
DEKALB,1187,FLAT SHOALS LIBRARY,26,1213
DEKALB,2080,FLAT SHOALS PARKWAY,71,2151
DEKALB,1520,FREEDOM MIDDLE,161,1681
DEKALB,1303,GEORGETOWN SQUARE,851,2154
DEKALB,804,GLENHAVEN,71,875
DEKALB,559,GLENNWOOD - 04,77,636
DEKALB,718,GLENNWOOD - 05,104,822
DEKALB,965,GLENWOOD ROAD,56,1021
DEKALB,1756,GRESHAM ROAD,99,1855
DEKALB,1645,HAMBRICK ELEM,197,1842
DEKALB,940,HARRIS-MARGARET HARRIS ED,236,1176
DEKALB,2200,HARRIS-NARVIE J. HARRIS ELEM,40,2240
DEKALB,1677,HAWTHORNE ELEM,590,2267
DEKALB,1299,HENDERSON MILL ELEM,665,1964
DEKALB,722,HUGH HOWELL,561,1283
DEKALB,1310,HUNTLEY HILLS ELEM,503,1813
DEKALB,965,IDLEWOOD ELEM,258,1223
DEKALB,842,INDIAN CREEK ELEM,133,975
DEKALB,689,JOHNSON ESTATES,191,880
DEKALB,1398,JOLLY ELEM,246,1644
DEKALB,802,KELLEY CHAPEL ROAD,37,839
DEKALB,1492,KELLEY LAKE ELEM,44,1536
DEKALB,2801,KING-ML KING JR HIGH,64,2865
DEKALB,724,KINGSLEY ELEM,1042,1766
DEKALB,1185,KNOLLWOOD ELEM,46,1231
DEKALB,782,KITTREDGE ELEM,678,1460
DEKALB,1391,LAKESIDE HIGH,812,2203
DEKALB,1329,LAVISTA,474,1803
DEKALB,1016,LAVISTA ROAD,395,1411
DEKALB,1748,LIN-MARY LIN ELEM,297,2045
DEKALB,618,LITHONIA,51,669
DEKALB,1600,LITHONIA HIGH,33,1633
DEKALB,589,LIVSEY ELEM,454,1043
DEKALB,2298,MARBUT ELEM,51,2349
DEKALB,1686,MATHIS-BOB MATHIS ELEM,83,1769
DEKALB,1124,MCLENDON,217,1341
DEKALB,1124,MCNAIR ACADEMY,32,1156
DEKALB,2026,MCNAIR HIGH,130,2156
DEKALB,1221,MCNAIR MIDDLE,40,1261
DEKALB,1376,MCWILLIAMS,39,1415
DEKALB,1747,MEADOWVIEW ELEM,66,1813
DEKALB,1198,MEDLOCK ELEM,331,1529
DEKALB,1181,MEMORIAL SOUTH,74,1255
DEKALB,1727,METROPOLITAN,114,1841
DEKALB,724,MIDVALE ELEM,704,1428
DEKALB,1289,MIDVALE ROAD,591,1880
DEKALB,1289,MIDWAY ELEM,98,1387
DEKALB,1730,MILLER-ELDRIDGE L. MILLER ELEM,87,1817
DEKALB,1447,MILLER GROVE HIGH,40,1487
DEKALB,2004,MILLER GROVE MIDDLE,36,2040
DEKALB,1330,MILLER GROVE ROAD,47,1377
DEKALB,965,MONTCLAIR ELEM,142,1107
DEKALB,850,MONTGOMERY ELEM,736,1586
DEKALB,759,MONTREAL,289,1048
DEKALB,765,MT. VERNON EAST,1048,1813
DEKALB,761,MT. VERNON WEST,792,1553
DEKALB,860,NORTH DECATUR,157,1017
DEKALB,1072,NORTH HAIRSTON,121,1193
DEKALB,695,NORTH PEACHTREE,333,1028
DEKALB,683,NORTHLAKE,318,1001
DEKALB,1001,OAK GROVE ELEM,536,1537
DEKALB,2569,OAK VIEW ELEM,43,2612
DEKALB,701,OAKCLIFF ELEM,238,939
DEKALB,1856,OAKHURST,192,2048
DEKALB,829,PANOLA,51,880
DEKALB,1160,PANOLA ROAD,24,1184
DEKALB,970,PANOLA WAY ELEM,28,998
DEKALB,986,PEACHCREST ELEM,79,1065
DEKALB,1417,PEACHTREE MIDDLE,589,2006
DEKALB,352,PINE LAKE,47,399
DEKALB,911,PINEY GROVE,40,951
DEKALB,1661,PLEASANTDALE ELEM,329,1990
DEKALB,1507,PONCE DE LEON,178,1685
DEKALB,1296,PRINCETON ELEM,54,1350
DEKALB,2162,RAINBOW ELEM,76,2238
DEKALB,1707,REDAN ELEM,57,1764
DEKALB,1376,REDAN MIDDLE,70,1446
DEKALB,1427,REDAN ROAD,63,1490
DEKALB,2055,REDAN-TROTTI LIBRARY,57,2112
DEKALB,979,REHOBOTH,434,1413
DEKALB,1070,RENFROE MIDDLE,99,1169
DEKALB,1508,ROCK CHAPEL ELEM,72,1580
DEKALB,1989,ROCK CHAPEL ROAD,168,2157
DEKALB,1506,ROCKBRIDGE ELEM,136,1642
DEKALB,2145,ROCKBRIDGE ROAD,97,2242
DEKALB,1556,ROWLAND ELEM,108,1664
DEKALB,1044,ROWLAND ROAD,107,1151
DEKALB,1379,SAGAMORE HILLS ELEM,740,2119
DEKALB,2151,SALEM MIDDLE,68,2219
DEKALB,1305,SCOTT,303,1608
DEKALB,2464,SHADOW ROCK ELEM,116,2580
DEKALB,786,SHAMROCK,297,1083
DEKALB,1700,SHAW-ROBERT SHAW ELEM,247,1947
DEKALB,1560,SILVER LAKE,1332,2892
DEKALB,663,SKYLAND,515,1178
DEKALB,809,SMOKE RISE ELEM,678,1487
DEKALB,1091,SNAPFINGER ELEM,45,1136
DEKALB,1186,SNAPFINGER ROAD NORTH,52,1238
DEKALB,1190,SNAPFINGER ROAD SOUTH,47,1237
DEKALB,1918,SOUTH DESHON,51,1969
DEKALB,1890,SOUTH HAIRSTON,89,1979
DEKALB,1871,STEPHENSON HIGH,117,1988
DEKALB,2026,STEPHENSON MIDDLE,126,2152
DEKALB,1239,STONE MILL ELEM,87,1326
DEKALB,1231,STONE MOUNTAIN CHAMPION,158,1389
DEKALB,1030,STONE MOUNTAIN ELEM,408,1438
DEKALB,636,STONE MOUNTAIN LIBRARY,161,797
DEKALB,1036,STONE MOUNTAIN MIDDLE,87,1123
DEKALB,765,STONEVIEW ELEM,46,811
DEKALB,1403,TERRY MILL ELEM,56,1459
DEKALB,482,TILLY MILL ROAD,587,1069
DEKALB,920,TONEY ELEM,30,950
DEKALB,1134,TUCKER,871,2005
DEKALB,1119,TUCKER LIBRARY,543,1662
DEKALB,469,VALLEY BROOK,149,618
DEKALB,486,WADSWORTH ELEM - 05,2,488
DEKALB,1054,WADSWORTH ELEM - 04,36,1090
DEKALB,523,WARREN TECH,258,781
DEKALB,1881,WESLEY CHAPEL LIBRARY,51,1932
DEKALB,1327,WHITE OAK,43,1370
DEKALB,2006,WHITEFOORD ELEM,170,2176
DEKALB,1303,WINNONA PARK ELEM,135,1438
DEKALB,509,WINTERS CHAPEL,486,995
DEKALB,1799,WOODRIDGE ELEM,123,1922
DEKALB,3149,WOODROW ROAD,145,3294
DEKALB,974,WOODWARD ELEM,397,1371
DEKALB,2075,WYNBROOKE ELEM,128,2203
DEKALB,1143,YOUNG ROAD,35,1178
DODGE,57,Chauncey,200,257
DODGE,5,Clark,54,59
DODGE,194,Eddin,439,633
DODGE,23,Empire,229,252
DODGE,51,Jaybird,89,140
DODGE,33,Jones,256,289
DODGE,979,Lee,1692,2671
DODGE,31,McCranie,176,207
DODGE,42,Milan,170,212
DODGE,56,Mitchell,181,237
DODGE,70,Mullis,231,301
DODGE,33,Plainfield,257,290
DODGE,116,Pondtown,361,477
DODGE,125,Rawlins,438,563
DODGE,4,Vilula,121,125
DODGE,17,Yonker,127,144
DOOLY,172,LILLY,159,331
DOOLY,232,BYROMVILLE,212,444
DOOLY,516,UNADILLA,494,1010
DOOLY,839,VIENNA,828,1667
DOOLY,101,PINEHURST,248,349
DOUGHERTY,635,Palmyra Rd Meth Church,765,1400
DOUGHERTY,968,Sherwood Elem School,723,1691
DOUGHERTY,596,Covenant Pres Church,688,1284
DOUGHERTY,1215,Greenbriar Church,1467,2682
DOUGHERTY,1185,Westover High School,1019,2204
DOUGHERTY,614,Merry Acres Middle,851,1465
DOUGHERTY,1728,Darton College,556,2284
DOUGHERTY,1752,Westtown Elem School,84,1836
DOUGHERTY,390,Second Mt. Zion,521,911
DOUGHERTY,1787,Mt. Zion Center,29,1816
DOUGHERTY,498,Alice Coachman Elem,10,508
DOUGHERTY,803,Carver Teen Center,12,815
DOUGHERTY,639,Shiloh Baptist Church,8,647
DOUGHERTY,627,Litman Cathedral,26,653
DOUGHERTY,549,Phoebe Edu. Bldg,120,669
DOUGHERTY,368,Turner Elem School,19,387
DOUGHERTY,1252,Jackson Heights Elem,12,1264
DOUGHERTY,1097,Bill Miller Center,101,1198
DOUGHERTY,309,Radium Middle School,149,458
DOUGHERTY,810,Putney 1st Bapt Church,773,1583
DOUGHERTY,426,International Studie,151,577
DOUGHERTY,1196,Phoebe East,158,1354
DOUGHERTY,775,Pine Bluff Bapt Church,396,1171
DOUGHERTY,849,Albany Middle School,69,918
DOUGHERTY,473,Christ Church,854,1327
DOUGHERTY,653,Lamar Reese Elem School,33,686
DOUGHERTY,389,First Christian Church,622,1011
DOUGHERTY,641,Lovett Hall,11,652
DOUGLAS,1692,MIRROR LAKE ELEMENTA,1768,3460
DOUGLAS,554,WINSTON,503,1057
DOUGLAS,636,DAY STAR,2410,3046
DOUGLAS,1608,COLONIAL HILLS,180,1788
DOUGLAS,514,EPHESUS BAPTIST CHUR,2119,2633
DOUGLAS,1153,PRAYS MILL GYM,2216,3369
DOUGLAS,1085,TURNER,1060,2145
DOUGLAS,435,FIRST BAPTIST - LITHIA SPRINGS,633,1068
DOUGLAS,2636,COUNTY LINE BAPTIST CHURCH,644,3280
DOUGLAS,819,DEER LICK,733,1552
DOUGLAS,2043,GOLDEN METHODIST CH,342,2385
DOUGLAS,1615,OLD COURTHOUSE,1075,2690
DOUGLAS,860,BEULAH,1119,1979
DOUGLAS,1402,STEWART,200,1602
DOUGLAS,970,ARBOR STATION,616,1586
DOUGLAS,553,BRIGHT STAR,926,1479
DOUGLAS,746,DORSETT SHOALS,1368,2114
DOUGLAS,1588,CHAPEL HILL,807,2395
DOUGLAS,2337,CHURCH-CH,1396,3733
DOUGLAS,1466,CHESTNUT LOG,690,2156
DOUGLAS,466,ST JULIANS EPISCOPAL,788,1254
DOUGLAS,1404,LUTHERAN CHURCH - GS,1199,2603
DOUGLAS,822,FIRST BAPTIST CHURCH,803,1625
DOUGLAS,1608,FACTORY SHOALS,817,2425
DOUGLAS,1959,BOUNDARY WATERS,391,2350
EARLY,138,Arlington,133,271
EARLY,1270,Blakely,777,2047
EARLY,40,Colomokee,119,159
EARLY,37,Cedar Springs,150,187
EARLY,107,Cuba,310,417
EARLY,213,Damascus,160,373
EARLY,28,Freeman,147,175
EARLY,45,Hilton,147,192
EARLY,102,Jakin,248,350
EARLY,157,Lucille,230,387
EARLY,28,Urquhart,131,159
ECHOLS,156,Statenville,1006,1162
EFFINGHAM,149,1A,811,960
EFFINGHAM,144,1B-1,816,960
EFFINGHAM,81,1B-12,504,585
EFFINGHAM,139,1C,637,776
EFFINGHAM,122,1D,1006,1128
EFFINGHAM,249,2A,1288,1537
EFFINGHAM,356,2B,1334,1690
EFFINGHAM,462,2C,1642,2104
EFFINGHAM,162,3A,566,728
EFFINGHAM,336,3B,540,876
EFFINGHAM,226,3C,824,1050
EFFINGHAM,427,3D,1124,1551
EFFINGHAM,353,4A,1432,1785
EFFINGHAM,195,4B-1,207,402
EFFINGHAM,110,4B-12,429,539
EFFINGHAM,190,4C,1212,1402
EFFINGHAM,283,5A,1296,1579
EFFINGHAM,648,5B,1457,2105
EFFINGHAM,219,5C,740,959
ELBERT,1144,Elberton,1146,2290
ELBERT,94,Longstreet,333,427
ELBERT,102,Eliam,418,520
ELBERT,51,Petersburg,204,255
ELBERT,221,Wyche,552,773
ELBERT,92,Moss-Ruckersville,204,296
ELBERT,371,Pike,622,993
ELBERT,36,Gaines,312,348
ELBERT,208,Goshen,766,974
ELBERT,65,Webbsboro,211,276
ELBERT,123,Centerville,501,624
EMANUEL,21,Oak Park,351,372
EMANUEL,93,Cross-Green,41,134
EMANUEL,1482,Swainsboro,2342,3824
EMANUEL,90,Summertown,230,320
EMANUEL,145,Stillmore,170,315
EMANUEL,22,Blundale,466,488
EMANUEL,83,Canoochee,336,419
EMANUEL,53,Garfield,260,313
EMANUEL,54,Nunez,162,216
EMANUEL,322,Twin City,571,893
EMANUEL,68,Adrian,401,469
EVANS,1130,Veteran's Comm Ctr,2404,3534
FANNIN,122,COLWELL,562,684
FANNIN,107,FAIRPLAY,532,639
FANNIN,287,FLINTHILL,1482,1769
FANNIN,122,HEMPTOWN,628,750
FANNIN,108,HOTHOUSE,611,719
FANNIN,143,MINERAL BLUFF,921,1064
FANNIN,93,MOBILE,573,666
FANNIN,223,MORGANTON,981,1204
FANNIN,94,NOONTOOTLA,442,536
FANNIN,50,SKENIAH,165,215
FANNIN,222,SUGAR CREEK,1161,1383
FANNIN,349,TOCCOA,1564,1913
FAYETTE,1214,BLACKROCK,628,1842
FAYETTE,194,BROOKS,1468,1662
FAYETTE,1903,EUROPE,286,2189
FAYETTE,634,FAYETTEVILLE EAST,611,1245
FAYETTE,489,FAYETTEVILLE WEST,628,1117
FAYETTE,560,FLINT,492,1052
FAYETTE,731,HOPEFUL,612,1343
FAYETTE,1087,MORNING CREEK,919,2006
FAYETTE,549,RAREOVER,1387,1936
FAYETTE,1206,SANDY CREEK-03,764,1970
FAYETTE,414,SANDY CREEK-13,472,886
FAYETTE,314,SHAKERAG EAST,687,1001
FAYETTE,271,SHAKERAG WEST,622,893
FAYETTE,524,STARRSMILL,1902,2426
FAYETTE,615,WHITEWATER,1786,2401
FAYETTE,312,WOOLSEY,1410,1722
FAYETTE,713,MCINTOSH,1549,2262
FAYETTE,265,OAK GROVE,660,925
FAYETTE,899,KEDRON,1284,2183
FAYETTE,337,ABERDEEN,844,1181
FAYETTE,225,WINDGATE,468,693
FAYETTE,490,FLAT CREEK,806,1296
FAYETTE,278,BRAELINN,1097,1375
FAYETTE,517,KENWOOD,156,673
FAYETTE,488,BANKS,598,1086
FAYETTE,359,HARPS CROSSING,836,1195
FAYETTE,784,WILLOW POND,1050,1834
FAYETTE,408,DOGWOOD-03,929,1337
FAYETTE,199,DOGWOOD-13,404,603
FAYETTE,777,OAK RIDGE,635,1412
FAYETTE,983,JEFF DAVIS,713,1696
FAYETTE,883,MURPHY,1215,2098
FAYETTE,788,FIELDING RIDGE,1655,2443
FAYETTE,370,WILLOWBEND,940,1310
FAYETTE,382,CAMP CREEK,953,1335
FAYETTE,642,RISING STAR,1709,2351
FAYETTE,1028,SPRING HILL,1005,2033
FAYETTE,423,ANTIOCH,854,1277
FLOYD,441,ALTO PARK,1477,1918
FLOYD,122,ARMUCHEE,654,776
FLOYD,176,BARKERS,1172,1348
FLOYD,223,CAVE SPRING,709,932
FLOYD,120,CHULIO,591,711
FLOYD,613,ETOWAH,2442,3055
FLOYD,40,EVERETT SPRINGS,237,277
FLOYD,119,FLOYD SPRINGS,974,1093
FLOYD,76,FOSTER'S MILL,491,567
FLOYD,371,GARDEN LAKES,814,1185
FLOYD,381,GLENWOOD,1442,1823
FLOYD,89,HOWELL,810,899
FLOYD,483,EAST LINDALE,1594,2077
FLOYD,1003,MT ALTO NORTH,1383,2386
FLOYD,828,MT ALTO SOUTH,1328,2156
FLOYD,168,NORTH CAROLINA,789,957
FLOYD,127,RIVERSIDE,351,478
FLOYD,1019,EAST ROME,1164,2183
FLOYD,843,NORTH ROME,905,1748
FLOYD,496,SOUTH ROME,156,652
FLOYD,61,TEXAS VALLEY,462,523
FLOYD,96,VANNS VALLEY,309,405
FLOYD,262,WATTERS,1699,1961
FLOYD,300,WEST LINDALE,1237,1537
FLOYD,670,TOWN ROME,855,1525
FORSYTH,3386,01 Big Creek,7099,10485
FORSYTH,1744,02 Brandywine,1852,3596
FORSYTH,544,03 Browns Bridge-7,2107,2651
FORSYTH,464,03 Browns Bridge-9,2750,3214
FORSYTH,540,04 Chestatee,3445,3985
FORSYTH,666,05 Coal Mountain,2770,3436
FORSYTH,588,06 Crossroads,3157,3745
FORSYTH,438,07 Cumming,1358,1796
FORSYTH,1173,08 Mashburn,4224,5397
FORSYTH,2803,10 Midway-7,8548,11351
FORSYTH,1,10 Midway-9,17,18
FORSYTH,4,15 Heardsville-7,18,22
FORSYTH,774,15 Heardsville-9,4075,4849
FORSYTH,1275,16 Otwell-7,4481,5756
FORSYTH,175,16 Otwell-9,1108,1283
FORSYTH,1343,19 Old Atlanta,2567,3910
FORSYTH,2416,21 South Forsyth,5636,8052
FORSYTH,1802,25 Windermere,3734,5536
FORSYTH,859,27 Concord,4726,5585
FORSYTH,2432,29 Polo,6129,8561
FRANKLIN,144,Carnesville,1216,1360
FRANKLIN,120,West Franklin,812,932
FRANKLIN,216,NorthEast Franklin,1276,1492
FRANKLIN,294,Lavonia,963,1257
FRANKLIN,86,Canon,608,694
FRANKLIN,251,Royston,921,1172
FRANKLIN,132,SouthWest Franklin,1258,1390
FULTON,1810,01A,168,1978
FULTON,2226,01B,234,2460
FULTON,565,01C,19,584
FULTON,243,01D,20,263
FULTON,2803,01E,273,3076
FULTON,429,01F,16,445
FULTON,364,01H,20,384
FULTON,1116,01J,39,1155
FULTON,547,01P,16,563
FULTON,549,01R,7,556
FULTON,771,01S,21,792
FULTON,674,01T,46,720
FULTON,1666,02A,429,2095
FULTON,1019,02B,166,1185
FULTON,1076,02C,86,1162
FULTON,2087,02D,229,2316
FULTON,1154,02E,150,1304
FULTON,1633,02F1,208,1841
FULTON,400,02F2,45,445
FULTON,1893,02G,236,2129
FULTON,1178,02J,160,1338
FULTON,783,02K,115,898
FULTON,2773,02L1,520,3293
FULTON,549,02L2,117,666
FULTON,370,02S,30,400
FULTON,211,02W,49,260
FULTON,735,03A,19,754
FULTON,183,03B,2,185
FULTON,682,03C,14,696
FULTON,370,03D,10,380
FULTON,857,03E,39,896
FULTON,877,03F,162,1039
FULTON,281,03G,6,287
FULTON,351,03H,9,360
FULTON,613,03I,113,726
FULTON,200,03L,10,210
FULTON,325,03M,85,410
FULTON,843,03N,34,877
FULTON,1534,03P1A,235,1769
FULTON,18,03P2,0,18
FULTON,322,03S,6,328
FULTON,689,03T,32,721
FULTON,476,04A,10,486
FULTON,890,04B,22,912
FULTON,64,04C,0,64
FULTON,674,04D,16,690
FULTON,821,04F,75,896
FULTON,299,04G,8,307
FULTON,452,04I,43,495
FULTON,398,04J,4,402
FULTON,1092,04K,29,1121
FULTON,708,04L,25,733
FULTON,313,04M,6,319
FULTON,1079,04S,21,1100
FULTON,531,04T,9,540
FULTON,1157,04V,19,1176
FULTON,640,04W,8,648
FULTON,888,04X1,28,916
FULTON,307,04X2,8,315
FULTON,1398,05A1,143,1541
FULTON,1463,05A2,117,1580
FULTON,815,05B,53,868
FULTON,59,05C,3,62
FULTON,98,05D,6,104
FULTON,70,05F,7,77
FULTON,332,05J,43,375
FULTON,1208,05K,78,1286
FULTON,925,06B,184,1109
FULTON,4281,06D,1081,5362
FULTON,1149,06E,236,1385
FULTON,1385,06F,272,1657
FULTON,282,06G,48,330
FULTON,1393,06I,226,1619
FULTON,1339,06J,279,1618
FULTON,472,06L1,133,605
FULTON,317,06L2,127,444
FULTON,739,06N,331,1070
FULTON,239,06Q,35,274
FULTON,813,06R,201,1014
FULTON,1989,07A,1633,3622
FULTON,822,07B,1096,1918
FULTON,1072,07C,952,2024
FULTON,1211,07D,937,2148
FULTON,833,07E,395,1228
FULTON,1027,07F,751,1778
FULTON,719,07H,558,1277
FULTON,1078,07J,592,1670
FULTON,747,07M,409,1156
FULTON,754,07N,182,936
FULTON,864,08A,889,1753
FULTON,922,08B,1190,2112
FULTON,282,08C,566,848
FULTON,252,08D,409,661
FULTON,748,08E,904,1652
FULTON,567,08F1,832,1399
FULTON,847,08G,637,1484
FULTON,771,08H,771,1542
FULTON,968,08J,811,1779
FULTON,382,08K,244,626
FULTON,1577,08L,704,2281
FULTON,511,08M,663,1174
FULTON,199,08N1,299,498
FULTON,393,08N2,349,742
FULTON,621,08P,162,783
FULTON,1448,09A,451,1899
FULTON,178,09B,6,184
FULTON,1433,09C,29,1462
FULTON,858,09D,18,876
FULTON,1181,09E,45,1226
FULTON,1371,09F,919,2290
FULTON,1425,09G,389,1814
FULTON,449,09H,78,527
FULTON,507,09I,10,517
FULTON,1827,09K,55,1882
FULTON,963,09M,270,1233
FULTON,1621,10A,26,1647
FULTON,2346,10B,56,2402
FULTON,1183,10C,12,1195
FULTON,1953,10D,51,2004
FULTON,509,10E,7,516
FULTON,556,10F,18,574
FULTON,786,10G,19,805
FULTON,206,10H1,3,209
FULTON,1055,10H2,31,1086
FULTON,226,10I,10,236
FULTON,411,10J,11,422
FULTON,809,10K,32,841
FULTON,1175,10M,27,1202
FULTON,674,10P,17,691
FULTON,360,10R,8,368
FULTON,2911,11B,63,2974
FULTON,1813,11C,33,1846
FULTON,595,11E1,14,609
FULTON,482,11E2,6,488
FULTON,1672,11E3,36,1708
FULTON,931,11G,19,950
FULTON,328,11H,12,340
FULTON,933,11J,26,959
FULTON,1041,11K,26,1067
FULTON,1527,11M,28,1555
FULTON,1327,11N,30,1357
FULTON,939,11P,18,957
FULTON,731,11R,16,747
FULTON,2309,12A,106,2415
FULTON,556,12D,9,565
FULTON,538,12E1,25,563
FULTON,423,12F,10,433
FULTON,414,12G,27,441
FULTON,1605,12H,41,1646
FULTON,419,12I,7,426
FULTON,1169,12J,22,1191
FULTON,1259,12K,62,1321
FULTON,243,12L,4,247
FULTON,1213,12M,27,1240
FULTON,357,12N,8,365
FULTON,903,12S,19,922
FULTON,533,AP01A,697,1230
FULTON,239,AP01B,190,429
FULTON,616,AP01C,777,1393
FULTON,271,AP01D,209,480
FULTON,64,AP02B,77,141
FULTON,292,AP03,94,386
FULTON,414,AP04A,681,1095
FULTON,131,AP04B,157,288
FULTON,1184,AP05,1685,2869
FULTON,463,AP06,701,1164
FULTON,902,AP07A,1019,1921
FULTON,430,AP07B,560,990
FULTON,1232,AP09A,1272,2504
FULTON,292,AP09B,217,509
FULTON,830,AP021,938,1768
FULTON,663,AP022,622,1285
FULTON,225,AP10,402,627
FULTON,248,AP12A,139,387
FULTON,248,AP12B,117,365
FULTON,343,AP12C,451,794
FULTON,799,AP13,856,1655
FULTON,873,AP14,1014,1887
FULTON,105,CH01,44,149
FULTON,129,CH02,177,306
FULTON,72,CH03,159,231
FULTON,175,CH04A,199,374
FULTON,49,CH05,206,255
FULTON,149,CP01B,67,216
FULTON,518,CP011,119,637
FULTON,563,CP012,161,724
FULTON,428,CP02,71,499
FULTON,20,CP04,1,21
FULTON,55,CP05B,1,56
FULTON,847,CP051,34,881
FULTON,208,CP06A,12,220
FULTON,427,CP07A,9,436
FULTON,127,CP081,4,131
FULTON,80,CP083,1,81
FULTON,199,CP08A,4,203
FULTON,2507,EP01,261,2768
FULTON,2558,EP02,265,2823
FULTON,3211,EP03,163,3374
FULTON,2488,EP04-05,77,2565
FULTON,1001,EP04-13,17,1018
FULTON,4055,FA01A,551,4606
FULTON,341,FA01B,19,360
FULTON,1163,HP01,476,1639
FULTON,1737,JC01,1238,2975
FULTON,668,JC02,606,1274
FULTON,179,JC03A,184,363
FULTON,527,JC03B,364,891
FULTON,1267,JC04A,1245,2512
FULTON,88,JC04B,70,158
FULTON,705,JC05,634,1339
FULTON,647,JC06,922,1569
FULTON,1300,JC07,1147,2447
FULTON,830,JC08,913,1743
FULTON,1001,JC09,755,1756
FULTON,757,JC10,581,1338
FULTON,836,JC11,1162,1998
FULTON,521,JC12,1079,1600
FULTON,410,JC13A,942,1352
FULTON,35,JC13B,136,171
FULTON,635,JC14,919,1554
FULTON,278,JC15,190,468
FULTON,761,JC16,868,1629
FULTON,749,JC18,1047,1796
FULTON,1186,JC19,1177,2363
FULTON,604,ML011,932,1536
FULTON,97,ML012,221,318
FULTON,17,ML01B,37,54
FULTON,290,ML021,924,1214
FULTON,33,ML022,101,134
FULTON,244,ML023,692,936
FULTON,16,ML024,52,68
FULTON,698,ML03,1690,2388
FULTON,402,ML04A,694,1096
FULTON,223,ML04B,530,753
FULTON,17,ML04C,52,69
FULTON,16,ML05A,12,28
FULTON,77,ML05B,175,252
FULTON,1169,ML05C,1320,2489
FULTON,670,ML06A,353,1023
FULTON,996,ML06B,670,1666
FULTON,29,ML071,45,74
FULTON,204,ML072,493,697
FULTON,128,ML07A,315,443
FULTON,157,MP01,146,303
FULTON,1044,PA01,374,1418
FULTON,1136,RW01,1860,2996
FULTON,1170,RW02,1363,2533
FULTON,1381,RW03,1122,2503
FULTON,581,RW04,639,1220
FULTON,682,RW05,397,1079
FULTON,889,RW06,864,1753
FULTON,514,RW07A,110,624
FULTON,166,RW07B,59,225
FULTON,460,RW08,867,1327
FULTON,1276,RW09,2548,3824
FULTON,844,RW10,1254,2098
FULTON,792,RW11A,786,1578
FULTON,1529,RW12,2381,3910
FULTON,1009,RW13,1206,2215
FULTON,536,RW16,695,1231
FULTON,924,RW17,627,1551
FULTON,524,RW19,811,1335
FULTON,831,RW20,995,1826
FULTON,769,RW21,1231,2000
FULTON,1361,RW22A,895,2256
FULTON,2635,SC01B,82,2717
FULTON,595,SC02,19,614
FULTON,383,SC04,216,599
FULTON,408,SC05A,7,415
FULTON,1970,SC05B,59,2029
FULTON,1470,SC05D,124,1594
FULTON,2989,SC07A,337,3326
FULTON,1868,SC08B,57,1925
FULTON,56,SC08C,0,56
FULTON,314,SC08D,7,321
FULTON,270,SC08E,1,271
FULTON,347,SC08F,18,365
FULTON,2,SC08G,0,2
FULTON,1691,SC09A,71,1762
FULTON,1012,SC09B,31,1043
FULTON,761,SC10,27,788
FULTON,807,SC11A,21,828
FULTON,900,SC11B,23,923
FULTON,1440,SC13,82,1522
FULTON,510,SC14,18,528
FULTON,3791,SC15,160,3951
FULTON,2771,SC16,59,2830
FULTON,35,SC17A,0,35
FULTON,626,SC17C,27,653
FULTON,290,SC18A,9,299
FULTON,3092,SC18B,93,3185
FULTON,110,SC19A,2,112
FULTON,677,SC19B,22,699
FULTON,729,SC211,27,756
FULTON,1714,SC212,108,1822
FULTON,2893,SC23A,89,2982
FULTON,290,SC23B,7,297
FULTON,1238,SC27,38,1276
FULTON,1579,SC29A,44,1623
FULTON,70,SC30A,2,72
FULTON,555,SC30B,9,564
FULTON,775,SS01,1188,1963
FULTON,378,SS02A,294,672
FULTON,515,SS02B,189,704
FULTON,464,SS03,414,878
FULTON,1172,SS04,643,1815
FULTON,606,SS05,627,1233
FULTON,423,SS06,486,909
FULTON,225,SS07A,292,517
FULTON,161,SS07B,142,303
FULTON,187,SS07C,179,366
FULTON,479,SS08A,254,733
FULTON,196,SS08B,195,391
FULTON,216,SS08C,126,342
FULTON,407,SS08D,255,662
FULTON,857,SS09A,1056,1913
FULTON,1007,SS09B,1188,2195
FULTON,1289,SS11A,840,2129
FULTON,470,SS11B,209,679
FULTON,114,SS11C,31,145
FULTON,90,SS11D,125,215
FULTON,800,SS12,763,1563
FULTON,467,SS13A,449,916
FULTON,289,SS13B,226,515
FULTON,362,SS14,549,911
FULTON,943,SS15A,177,1120
FULTON,586,SS15B,295,881
FULTON,611,SS16,774,1385
FULTON,1012,SS17,1096,2108
FULTON,209,SS18A,232,441
FULTON,73,SS18B,94,167
FULTON,1209,SS19A,432,1641
FULTON,882,SS19B,316,1198
FULTON,712,SS20,371,1083
FULTON,884,SS22,600,1484
FULTON,406,SS25,565,971
FULTON,1437,SS26,316,1753
FULTON,917,SS29A,631,1548
FULTON,349,SS31,318,667
FULTON,1656,UC01A,78,1734
FULTON,200,UC01B,3,203
FULTON,68,UC01E,2,70
FULTON,3793,UC02A,154,3947
FULTON,10,UC02B,6,16
FULTON,982,UC031,239,1221
FULTON,71,UC032,11,82
GILMER,302,ELLIJAY SOUTH,1371,1673
GILMER,124,CARTECAY,861,985
GILMER,113,TAILS CREEK,785,898
GILMER,82,TOWN CREEK,555,637
GILMER,223,LEACHES,1235,1458
GILMER,129,CHERRY LOG,458,587
GILMER,136,BOARDTOWN,737,873
GILMER,106,MOUNTAINTOWN,575,681
GILMER,151,EAST ELLIJAY,802,953
GILMER,154,ELLIJAY NORTH,763,917
GILMER,78,YUKON,646,724
GILMER,152,BIG CREEK,728,880
GILMER,205,ELLIJAY NORTHEAST,949,1154
GLASCOCK,6,Edgehill,90,96
GLASCOCK,46,Gibson,410,456
GLASCOCK,33,Mill,473,506
GLASCOCK,53,Mitchell,262,315
GLYNN,463,Sterling Elem School,1910,2373
GLYNN,466,Marshes of Glynn,1309,1775
GLYNN,380,Satilla Marsh School,1190,1570
GLYNN,194,Glyndale School,1302,1496
GLYNN,612,Christian Renewal,1754,2366
GLYNN,449,Oglethorpe Point,1366,1815
GLYNN,856,St Williams Church,2091,2947
GLYNN,860,First Baptist,1925,2785
GLYNN,200,Jekyll Island,269,469
GLYNN,545,Sterling Church of God,1309,1854
GLYNN,259,SE Baptist Bldg,772,1031
GLYNN,395,Career Academy,1256,1651
GLYNN,474,C B Greer School,1327,1801
GLYNN,497,Ballard Complex,1128,1625
GLYNN,964,Northside Church,688,1652
GLYNN,757,Abundant Life,566,1323
GLYNN,720,College Place,488,1208
GLYNN,907,Howard Coffin Park,510,1417
GLYNN,1366,Burroughs,132,1498
GLYNN,374,Selden Park,190,564
GORDON,84,SUGAR VALLEY,737,821
GORDON,131,PLAINVILLE,871,1002
GORDON,388,SONORAVILLE,2622,3010
GORDON,63,PINE CHAPEL,487,550
GORDON,80,OOSTANAULA,314,394
GORDON,95,OAKMAN,552,647
GORDON,589,GORDON COUNTY,2585,3174
GORDON,1133,CALHOUN CITY,3244,4377
GORDON,141,LILY POND,847,988
GORDON,104,FAIRMOUNT,966,1070
GORDON,256,RED BUD,1278,1534
GORDON,112,RESACA,668,780
GRADY,77,Blowing Cave,415,492
GRADY,1094,Cairo 4th District,269,1363
GRADY,614,Cairo 5th District,845,1459
GRADY,118,Duncanville,202,320
GRADY,170,Higdon,352,522
GRADY,27,Limesink,165,192
GRADY,177,Midway,664,841
GRADY,159,Pine Park,364,523
GRADY,93,Ragan,241,334
GRADY,40,Spence,410,450
GRADY,41,Spring Hill,335,376
GRADY,180,Whigham,543,723
GRADY,215,Woodland,1242,1457
GREENE,1254,Greensboro,707,1961
GREENE,110,Greshamville,420,530
GREENE,184,Woodville,189,373
GREENE,386,Union Point,359,745
GREENE,360,Siloam,296,656
GREENE,122,White Plains,125,247
GREENE,232,Walker,1007,1239
GREENE,546,Old Salem,2385,2931
GWINNETT,1465,HARBINS A,2020,3485
GWINNETT,1695,ROCKBRIDGE A,538,2233
GWINNETT,1363,DACULA,1300,2663
GWINNETT,435,SUWANEE A,464,899
GWINNETT,754,BAYCREEK A,1010,1764
GWINNETT,1206,GOODWINS A,938,2144
GWINNETT,1462,DULUTH A,1301,2763
GWINNETT,812,DUNCANS A,2105,2917
GWINNETT,876,PUCKETTS A,2132,3008
GWINNETT,520,CATES A,932,1452
GWINNETT,836,BERKSHIRE A,381,1217
GWINNETT,2085,BERKSHIRE B,709,2794
GWINNETT,496,DUNCANS C,1506,2002
GWINNETT,886,GARNERS A,1321,2207
GWINNETT,1025,LAWRENCEVILLE A,884,1909
GWINNETT,1744,LAWRENCEVILLE B,924,2668
GWINNETT,1226,MARTINS A,362,1588
GWINNETT,1079,MARTINS B,561,1640
GWINNETT,812,MARTINS C,610,1422
GWINNETT,987,PINCKNEYVILLE A,237,1224
GWINNETT,1110,PINCKNEYVILLE B,359,1469
GWINNETT,622,PINCKNEYVILLE C,611,1233
GWINNETT,723,PINCKNEYVILLE D,190,913
GWINNETT,791,SUGAR HILL A,1235,2026
GWINNETT,1038,SUGAR HILL B,1639,2677
GWINNETT,1345,HOG MOUNTAIN A,1172,2517
GWINNETT,1093,HOG MOUNTAIN B,1763,2856
GWINNETT,1296,ROCKYCREEK A,1931,3227
GWINNETT,370,CATES B,678,1048
GWINNETT,960,CATES C,677,1637
GWINNETT,703,HOG MOUNTAIN D,1105,1808
GWINNETT,833,BERKSHIRE D,927,1760
GWINNETT,596,BERKSHIRE E,710,1306
GWINNETT,621,BERKSHIRE F,408,1029
GWINNETT,735,CATES D,913,1648
GWINNETT,190,035 Cates D - 04,179,369
GWINNETT,867,CATES E,1009,1876
GWINNETT,760,PINCKNEYVILLE E,199,959
GWINNETT,693,PINCKNEYVILLE F,291,984
GWINNETT,1024,DUNCANS D,2670,3694
GWINNETT,1341,PINCKNEYVILLE H,1158,2499
GWINNETT,2056,BAYCREEK B,1184,3240
GWINNETT,621,LAWRENCEVILLE C,1064,1685
GWINNETT,794,MARTINS D,162,956
GWINNETT,1618,ROCKBRIDGE B,617,2235
GWINNETT,1216,GARNERS B,711,1927
GWINNETT,399,CATES F,788,1187
GWINNETT,641,CATES G,1217,1858
GWINNETT,865,DULUTH B,1016,1881
GWINNETT,593,GARNERS C,551,1144
GWINNETT,981,PINCKNEYVILLE I,310,1291
GWINNETT,958,PINCKNEYVILLE J,172,1130
GWINNETT,691,BERKSHIRE G,792,1483
GWINNETT,1294,CATES H,683,1977
GWINNETT,982,SUGAR HILL C,1905,2887
GWINNETT,834,SUGAR HILL D,1402,2236
GWINNETT,691,DULUTH C,622,1313
GWINNETT,1378,DULUTH D,874,2252
GWINNETT,1311,PINCKNEYVILLE K,349,1660
GWINNETT,1395,PINCKNEYVILLE N,315,1710
GWINNETT,1732,LAWRENCEVILLE D,547,2279
GWINNETT,630,LAWRENCEVILLE E,819,1449
GWINNETT,621,PINCKNEYVILLE L,1034,1655
GWINNETT,648,PINCKNEYVILLE M,1120,1768
GWINNETT,1332,GARNERS D,534,1866
GWINNETT,582,BERKSHIRE H,317,899
GWINNETT,1323,PINCKNEYVILLE O,346,1669
GWINNETT,1321,PUCKETTS E,1516,2837
GWINNETT,1102,CATES I,1109,2211
GWINNETT,1102,CATES J,908,2010
GWINNETT,930,GOODWINS B,1418,2348
GWINNETT,1625,LAWRENCEVILLE F,605,2230
GWINNETT,2166,MARTINS E,288,2454
GWINNETT,664,PINCKNEYVILLE P,591,1255
GWINNETT,753,PINCKNEYVILLE Q,127,880
GWINNETT,2297,ROCKBRIDGE C,646,2943
GWINNETT,1558,ROCKBRIDGE D,651,2209
GWINNETT,1751,GOODWINS C,1030,2781
GWINNETT,1109,BAYCREEK K,1156,2265
GWINNETT,623,CATES K,929,1552
GWINNETT,2112,BAYCREEK C,1558,3670
GWINNETT,1338,CATES L,1072,2410
GWINNETT,1652,DULUTH E,779,2431
GWINNETT,1157,GOODWINS D,1161,2318
GWINNETT,1154,LAWRENCEVILLE G,426,1580
GWINNETT,1070,LAWRENCEVILLE H,1421,2491
GWINNETT,911,MARTINS F,304,1215
GWINNETT,999,PINCKNEYVILLE S,586,1585
GWINNETT,1768,ROCKBRIDGE E,568,2336
GWINNETT,662,SUGAR HILL E,1092,1754
GWINNETT,1069,LAWRENCEVILLE I,721,1790
GWINNETT,1254,BAYCREEK D,1543,2797
GWINNETT,800,BERKSHIRE J,1027,1827
GWINNETT,1017,CATES M,1580,2597
GWINNETT,502,CATES N,1193,1695
GWINNETT,1850,DULUTH F,576,2426
GWINNETT,759,DULUTH G,969,1728
GWINNETT,1468,GOODWINS E,1500,2968
GWINNETT,903,GOODWINS F,843,1746
GWINNETT,918,PINCKNEYVILLE T,651,1569
GWINNETT,1075,SUWANEE B,1349,2424
GWINNETT,700,PINCKNEYVILLE U,459,1159
GWINNETT,579,PUCKETTS B,1278,1857
GWINNETT,1164,BERKSHIRE L,395,1559
GWINNETT,2635,ROCKBRIDGE F,711,3346
GWINNETT,864,SUGAR HILL F,1372,2236
GWINNETT,1213,SUWANEE C,1502,2715
GWINNETT,381,CATES O,487,868
GWINNETT,869,BAYCREEK E,895,1764
GWINNETT,459,BERKSHIRE M,602,1061
GWINNETT,856,MARTINS G,339,1195
GWINNETT,778,DULUTH H,779,1557
GWINNETT,834,BERKSHIRE N,1198,2032
GWINNETT,540,PINCKNEYVILLE V,294,834
GWINNETT,1243,PINCKNEYVILLE W,856,2099
GWINNETT,1584,MARTINS H,817,2401
GWINNETT,1356,MARTINS I,431,1787
GWINNETT,1518,MARTINS J,387,1905
GWINNETT,465,GARNERS F,520,985
GWINNETT,660,BERKSHIRE O,983,1643
GWINNETT,408,BERKSHIRE P,284,692
GWINNETT,1026,PINCKNEYVILLE X,1013,2039
GWINNETT,2422,ROCKBRIDGE G,676,3098
GWINNETT,1207,PINCKNEYVILLE Y,286,1493
GWINNETT,929,GOODWINS G,430,1359
GWINNETT,477,PINCKNEYVILLE Z,857,1334
GWINNETT,719,PINCKNEYVILLE A1,1156,1875
GWINNETT,723,LAWRENCEVILLE J,400,1123
GWINNETT,812,GOODWINS H,794,1606
GWINNETT,765,DUNCANS B,2114,2879
GWINNETT,942,SUWANEE D,1885,2827
GWINNETT,927,SUWANEE E,1593,2520
GWINNETT,882,LAWRENCEVILLE K,1049,1931
GWINNETT,893,HARBINS B,1682,2575
GWINNETT,1561,BAYCREEK F,981,2542
GWINNETT,614,PUCKETTS C,1177,1791
GWINNETT,905,HOG MOUNTAIN C,1365,2270
GWINNETT,1147,ROCKYCREEK B,1801,2948
GWINNETT,1211,DULUTH I,1504,2715
GWINNETT,2085,MARTINS K,611,2696
GWINNETT,713,SUWANEE H,1619,2332
GWINNETT,608,SUGAR HILL G,1134,1742
GWINNETT,1053,SUWANEE F,1171,2224
GWINNETT,1589,LAWRENCEVILLE L,1183,2772
GWINNETT,2368,LAWRENCEVILLE M,692,3060
GWINNETT,1632,BAYCREEK G,1315,2947
GWINNETT,1288,BAYCREEK H,2087,3375
GWINNETT,1793,BAYCREEK I,1337,3130
GWINNETT,464,BERKSHIRE Q,587,1051
GWINNETT,728,GOODWINS I,894,1622
GWINNETT,876,DULUTH K,244,1120
GWINNETT,464,HARBINS C,1074,1538
GWINNETT,1229,ROCKYCREEK C,1778,3007
GWINNETT,647,LAWRENCEVILLE N,562,1209
GWINNETT,612,PUCKETTS D,1368,1980
GWINNETT,980,SUWANEE G,1103,2083
GWINNETT,1566,BAYCREEK J,949,2515
HABERSHAM,819,Habersham North,4639,5458
HABERSHAM,610,Habersham South,2630,3240
HABERSHAM,375,Demorest,2383,2758
HABERSHAM,69,Town of Mount Airy,334,403
HABERSHAM,114,City of Baldwin,310,424
HABERSHAM,322,Mud Creek,2073,2395
HABERSHAM,174,Amys Creek,815,989
HALL,838,01-Wilson,2278,3116
HALL,496,02-Chicopee,708,1204
HALL,389,03-Oakwood I,799,1188
HALL,534,04-Oakwood II,1945,2479
HALL,444,05-Flowery Branch I,1868,2312
HALL,476,06-Flowery Branch II,1426,1902
HALL,644,07-Roberts,2643,3287
HALL,327,08-Morgan I,1948,2275
HALL,652,09-Morgan II,2062,2714
HALL,796,10-Candler,2225,3021
HALL,1133,11-Tadmore,1205,2338
HALL,374,12-Glade,1499,1873
HALL,219,13-Lula,1601,1820
HALL,166,14-Clermont,1818,1984
HALL,160,15-Quillians,1528,1688
HALL,514,16-Bark Camp,2724,3238
HALL,361,17-Chestatee,1846,2207
HALL,371,18-Fork,1732,2103
HALL,468,19-Whelchel,2214,2682
HALL,539,20-West Whelchel,2147,2686
HALL,625,21-Gainesville I,1307,1932
HALL,1188,22-Gainesville II,109,1297
HALL,948,23-Gainesville III,1059,2007
HALL,546,24-Gainesville IV,838,1384
HALL,268,25-Gainesville V,535,803
HALL,77,26-Gillsville,614,691
HALL,257,27-Big Hickory,2157,2414
HALL,1107,28-Friendship I,4065,5172
HALL,330,29-Friendship II,1547,1877
HALL,542,30-Friendship III,2081,2623
HALL,364,31-Friendship IV,1153,1517
HANCOCK,292,Devereux Fire Station,273,565
HANCOCK,321,St. Mark,47,368
HANCOCK,456,Courthouse,101,557
HANCOCK,270,Second Beulah,32,302
HANCOCK,176,Mayfield Comm Center,32,208
HANCOCK,374,Power of God,54,428
HANCOCK,77,Warren Chapel,88,165
HANCOCK,472,Youth Center,104,576
HANCOCK,177,Second Darrien,85,262
HANCOCK,80,Sparta 4C,25,105
HARALSON,558,BREMEN,2968,3526
HARALSON,169,BUCHANAN,1153,1322
HARALSON,52,BUNCOMBE,459,511
HARALSON,78,CORINTH,821,899
HARALSON,40,TWENTIETH,389,429
HARALSON,13,FELTON,153,166
HARALSON,46,LITTLE CREEK,386,432
HARALSON,12,MT VIEW,170,182
HARALSON,151,SEVENTH,837,988
HARALSON,23,BEREA-STEADMAN,323,346
HARALSON,258,TALLAPOOSA,1394,1652
HARALSON,74,WACO,526,600
HARRIS,378,CATAULA,1454,1832
HARRIS,701,ELLERSLIE,2021,2722
HARRIS,368,GOODMAN,637,1005
HARRIS,509,HAMILTON,987,1496
HARRIS,346,LOWER 19TH,1326,1672
HARRIS,317,MULBERRY GROVE,1615,1932
HARRIS,119,PINE MOUNTAIN VALLEY,599,718
HARRIS,205,SKINNER,361,566
HARRIS,150,UPPER 19TH,823,973
HARRIS,152,VALLEY PLAINS,316,468
HARRIS,609,WAVERLY HALL,1112,1721
HARRIS,228,WHITESVILLE,680,908
HART,1235,Hartwell,2596,3831
HART,205,Goldmine,843,1048
HART,306,Cokesbury,385,691
HART,324,Reed Creek,1461,1785
HART,144,Bowersville,637,781
HART,132,Shoal Creek,764,896
HART,237,Bio,599,836
HEARD,140,CENTRALHATCHEE,891,1031
HEARD,33,COOKSVILLE - CORINTH,256,289
HEARD,84,ENON GROVE,471,555
HEARD,85,EPHESUS,631,716
HEARD,305,FRANKLIN,848,1153
HEARD,96,SOUTHWEST,273,369
HENRY,1849,LOCUST GROVE,1368,3217
HENRY,263,TUSSAHAW,1838,2101
HENRY,491,SANDY RIDGE,2246,2737
HENRY,2590,WESTSIDE,534,3124
HENRY,2763,LOWES,2051,4814
HENRY,1392,SOUTH HAMPTON,1600,2992
HENRY,2052,NORTH HAMPTON,1766,3818
HENRY,1925,MT. CARMEL,716,2641
HENRY,2813,RED OAK,496,3309
HENRY,2042,WESLEY LAKES,938,2980
HENRY,656,MCDONOUGH,448,1104
HENRY,493,MCMULLEN,1657,2150
HENRY,465,EAST LAKE,1647,2112
HENRY,1902,HICKORY FLAT,1197,3099
HENRY,890,STOCKBRIDGE EAST,252,1142
HENRY,1988,STOCKBRIDGE WEST,348,2336
HENRY,988,STAGECOACH,933,1921
HENRY,1243,COTTON INDIAN,1315,2558
HENRY,1044,PLEASANT GROVE,1577,2621
HENRY,1297,AUSTIN ROAD,780,2077
HENRY,854,SWAN LAKE,1273,2127
HENRY,2090,SHAKERAG,306,2396
HENRY,2215,ELLENWOOD,482,2697
HENRY,424,UNITY GROVE - 03,935,1359
HENRY,210,UNITY GROVE - 10,1291,1501
HENRY,1410,SHILOH,743,2153
HENRY,1693,PATES CREEK,1527,3220
HENRY,1201,OAKLAND,1421,2622
HENRY,964,LAKE DOW,2148,3112
HENRY,1734,FLIPPEN,1002,2736
HENRY,1631,STOCKBRIDGE CENTRAL,714,2345
HENRY,721,KELLEYTOWN,1576,2297
HENRY,1340,LIGHTHOUSE,950,2290
HENRY,667,DUTCHTOWN,1008,1675
HENRY,483,MT. BETHEL,1592,2075
HENRY,605,GROVE PARK,1295,1900
HENRY,980,LAKE HAVEN,1547,2527
HENRY,1223,MCDONOUGH CENTRAL,1144,2367
HENRY,311,TIMBERRIDGE,980,1291
HOUSTON,824,ANNX,2076,2900
HOUSTON,1499,BMS,3873,5372
HOUSTON,1515,CENT,2784,4299
HOUSTON,854,CGTC,1816,2670
HOUSTON,2096,FMMS,3096,5192
HOUSTON,251,HAFS,810,1061
HOUSTON,1487,HCTC,1924,3411
HOUSTON,280,HEFS,501,781
HOUSTON,1863,HHPC,1912,3775
HOUSTON,1718,MCMS,3325,5043
HOUSTON,467,MILL,817,1284
HOUSTON,519,NSES,1001,1520
HOUSTON,3177,RECR,978,4155
HOUSTON,2469,ROZR,4960,7429
HOUSTON,1491,TMS,1287,2778
HOUSTON,1057,TWPK,1793,2850
HOUSTON,893,VHS,2398,3291
IRWIN,37,Irwinville,499,536
IRWIN,17,Minnie,184,201
IRWIN,27,Roberts,232,259
IRWIN,671,Ocilla,959,1630
IRWIN,38,Osierfield,129,167
IRWIN,56,Mystic,344,400
IRWIN,8,Fletcher,246,254
IRWIN,36,Holt,118,154
JACKSON,636,North Jefferson,3638,4274
JACKSON,345,North Minish,1061,1406
JACKSON,576,South Jefferson,1939,2515
JACKSON,456,South Minish,1671,2127
JACKSON,273,Redstone,868,1141
JACKSON,484,Randolph,3454,3938
JACKSON,187,Newtown,1287,1474
JACKSON,190,Harrisburg,1006,1196
JACKSON,80,Cunningham,501,581
JACKSON,114,Miller,1055,1169
JACKSON,66,Wilson,466,532
JACKSON,128,Hoschton,760,888
JACKSON,96,Talmo,623,719
JACKSON,124,Center,465,589
JACKSON,255,Attica,689,944
JACKSON,459,Porter,2271,2730
JASPER,229,WYATT,811,1040
JASPER,1067,MONTICELLO,1706,2773
JASPER,248,MARTIN & BURNEY,1836,2084
JEFF DAVIS,366,Hazelhurst,374,740
JEFF DAVIS,50,Altamaha 1,412,462
JEFF DAVIS,43,Altamaha 2,819,862
JEFF DAVIS,91,Blackburn 1,291,382
JEFF DAVIS,30,Blackburn 2,422,452
JEFF DAVIS,106,Whitehead 1,454,560
JEFF DAVIS,38,Whitehead 2,387,425
JEFF DAVIS,113,Ocmulgee 1,724,837
JEFF DAVIS,64,Ocmulgee 2,219,283
JEFFERSON,104,Stapleton Crossroads,125,229
JEFFERSON,125,Matthews,270,395
JEFFERSON,942,Wrens,760,1702
JEFFERSON,1441,Louisville,960,2401
JEFFERSON,847,Wadley,316,1163
JEFFERSON,173,Bartow,162,335
JEFFERSON,146,Stapleton,256,402
JEFFERSON,31,Avera,208,239
JENKINS,335,Jenkins Co Prim/Elem,237,572
JENKINS,340,Court House,271,611
JENKINS,151,Perkins,448,599
JENKINS,91,Senior Citizens Bld,537,628
JENKINS,191,Four Points,399,590
JOHNSON,872,Wrightsville,1136,2008
JOHNSON,64,Smith,427,491
JOHNSON,152,Bray,397,549
JOHNSON,48,Kite,559,607
JONES,405,GRAY,1302,1707
JONES,1127,HAWKINS,710,1837
JONES,418,ETHRIDGE,705,1123
JONES,331,CLINTON,1155,1486
JONES,473,ROBERTS,995,1468
JONES,147,DAVIDSON,770,917
JONES,384,POPE,741,1125
JONES,253,BARRON,626,879
JONES,30,SANDERS,86,116
JONES,392,FINNEY,1214,1606
LAMAR,939,BARNESVILLE FBC,410,1349
LAMAR,146,CHAPPELL MILL V. FD,713,859
LAMAR,300,SENIOR CITZEN BLDG,513,813
LAMAR,75,REDBONE,327,402
LAMAR,403,L C S C,1342,1745
LAMAR,404,MILNER,1878,2282
LANIER,610,Lakeland,1180,1790
LANIER,55,Sirmans,218,273
LANIER,56,Stockton,332,388
LANIER,84,Westside,254,338
LAURENS,846,Family Life Center,1766,2612
LAURENS,2212,Calhoun Park,745,2957
LAURENS,551,Fire Dept Sta #5,1809,2360
LAURENS,143,Bailey,679,822
LAURENS,290,Buckeye,329,619
LAURENS,54,Burch,213,267
LAURENS,294,Burgamy,326,620
LAURENS,68,Cadwell,407,475
LAURENS,203,Brewton,783,986
LAURENS,151,Dudley,626,777
LAURENS,148,Hampton Mill,975,1123
LAURENS,120,Harvard,123,243
LAURENS,34,Minter,516,550
LAURENS,315,Rural Fire Sta #17,928,1243
LAURENS,87,Reedy Springs,475,562
LAURENS,780,Smith,932,1712
LAURENS,441,LCFS 10 (Valambrosia),769,1210
LEE,162,Chokee,163,325
LEE,554,Redbone,2432,2986
LEE,268,Smithville,350,618
LEE,42,CJC,387,429
LEE,458,Leesburg,1491,1949
LEE,130,Friendship Bapt,622,752
LEE,629,First Baptist,1901,2530
LEE,110,SDA Church,687,797
LEE,321,Sovereign Grace,1212,1533
LEE,492,Century Fire Station,1396,1888
LIBERTY,555,Riceboro Youth Center,140,695
LIBERTY,1344,Lyman Hall School,426,1770
LIBERTY,1242,Lewis Frasier School,767,2009
LIBERTY,741,Memorial Dr. East,203,944
LIBERTY,193,Button Gwinnett,160,353
LIBERTY,887,Town of Allenhurst,331,1218
LIBERTY,471,Hinesville,465,936
LIBERTY,1220,Liberty County,1040,2260
LIBERTY,908,Walthourville,283,1191
LIBERTY,206,Fleming West,79,285
LIBERTY,400,Fleming East,1220,1620
LIBERTY,495,Gum Branch,673,1168
LIBERTY,869,Hinesville Lodge,338,1207
LINCOLN,110,Midway,223,333
LINCOLN,335,Lincoln Club House,205,540
LINCOLN,223,Lincoln Center,756,979
LINCOLN,117,Faith Temple of Linc,209,326
LINCOLN,288,Tabernacle,355,643
LINCOLN,56,Bethany Church,329,385
LINCOLN,142,Martins Crossroad,682,824
LONG,305,Beards Creek,388,693
LONG,332,Rye Patch/Oak Dale,739,1071
LONG,245,South Ludowici,234,479
LONG,287,North Ludowici,460,747
LONG,63,Tibet,382,445
LONG,31,Alma Flournoy,132,163
LONG,93,Faith Baptist Annex,288,381
LOWNDES,553,Hahira,2400,2953
LOWNDES,381,Trinity-001,547,928
LOWNDES,1943,Trinity-008,2715,4658
LOWNDES,6982,Northside,6085,13067
LOWNDES,130,Naylor-001,324,454
LOWNDES,95,Naylor-008,161,256
LOWNDES,1562,Rainwater,3542,5104
LOWNDES,1573,Mildred,221,1794
LOWNDES,632,Clyattville,1643,2275
LOWNDES,344,Dasher,2000,2344
LOWNDES,419,S Lowndes,1670,2089
LUMPKIN,2216,Dahlonega,9613,11829
MACON,397,Ideal,490,887
MACON,487,Oglethorpe,287,774
MACON,531,Marshallville,304,835
MACON,632,Montezuma 4,315,947
MACON,658,Montezuma 5,144,802
MADISON,465,Colbert,1363,1828
MADISON,46,Collins,321,367
MADISON,240,Comer,562,802
MADISON,257,Danielsville,1516,1773
MADISON,112,Fork,233,345
MADISON,35,Harrison,326,361
MADISON,668,Hull,1518,2186
MADISON,137,Ila,812,949
MADISON,126,Mill,838,964
MADISON,19,Paoli,145,164
MADISON,231,Pittman,992,1223
MADISON,87,Poca,569,656
MARION,69,Pineknot,499,568
MARION,962,Buena Vista,602,1564
MARION,49,Tazewell,189,238
MARION,33,Brantley,268,301
MARION,100,Ft. Perry,363,463
MCDUFFIE,527,Queen of Angels,134,661
MCDUFFIE,101,Augusta Tech,871,972
MCDUFFIE,220,Fort Creek,466,686
MCDUFFIE,253,Dearing UMC,905,1158
MCDUFFIE,722,Vanderhorst,477,1199
MCDUFFIE,610,Sweetwater Activity Center,1306,1916
MCDUFFIE,885,Thomson Depot,160,1045
MCDUFFIE,141,Marshall Church,703,844
MCDUFFIE,240,Whiteoak,410,650
MCINTOSH,39,Sapelo Island,10,49
MCINTOSH,116,Townsend,293,409
MCINTOSH,798,Crescent,406,1204
MCINTOSH,578,Darien,922,1500
MCINTOSH,358,South Newport,1009,1367
MCINTOSH,409,North Darien,842,1251
MERIWETHER,43,CHALYBEATE,262,305
MERIWETHER,299,MANCHESTER GILL I,623,922
MERIWETHER,478,MANCHESTER GILL II,116,594
MERIWETHER,76,ODESSADALE,114,190
MERIWETHER,607,GREENVILLE,561,1168
MERIWETHER,365,LONE OAK,343,708
MERIWETHER,639,LUTHERSVILLE,854,1493
MERIWETHER,321,ALVATON,535,856
MERIWETHER,66,GAY,181,247
MERIWETHER,420,WOODBURY,418,838
MERIWETHER,252,WARM SPRINGS,520,772
MERIWETHER,152,DURAND,283,435
MERIWETHER,66,RALEIGH,266,332
MERIWETHER,16,COVE,140,156
MILLER,622,Colquitt-Miller,1888,2510
MITCHELL,293,Baconton,339,632
MITCHELL,71,Branchville,324,395
MITCHELL,944,Camilla North,212,1156
MITCHELL,990,Camilla South,1086,2076
MITCHELL,21,Cotton,245,266
MITCHELL,49,Hopeful,178,227
MITCHELL,11,Hisonton,105,116
MITCHELL,140,Lester,599,739
MITCHELL,14,Pebble City,107,121
MITCHELL,907,Pelham,879,1786
MITCHELL,52,Sale City,198,250
MONROE,322,BENTONS,1262,1584
MONROE,92,BRANTLEYS,590,682
MONROE,292,BURGAYS,1328,1620
MONROE,107,CABANISS,315,422
MONROE,104,COX,356,460
MONROE,93,CULLODEN,178,271
MONROE,113,DILLARDS,482,595
MONROE,240,EVERS,876,1116
MONROE,1486,FORSYTH,1043,2529
MONROE,153,HIGH FALLS,790,943
MONROE,209,KELSEYS,234,443
MONROE,139,MIDDLEBROOKS,706,845
MONROE,168,PROCTORS,438,606
MONROE,52,RUSSELLVILLE,223,275
MONTGOMERY,89,Ailey,219,308
MONTGOMERY,36,Alston,293,329
MONTGOMERY,157,Higgston,690,847
MONTGOMERY,33,Kibbee,307,340
MONTGOMERY,368,Mount Vernon,498,866
MONTGOMERY,16,Tarrytown,207,223
MONTGOMERY,148,Uvalda,454,602
MORGAN,1025,Northeast Morgan,744,1769
MORGAN,298,East Morgan,1022,1320
MORGAN,112,Beth/Springfield,430,542
MORGAN,459,Central Morgan,1345,1804
MORGAN,63,Clacks Chapel,412,475
MORGAN,326,West Morgan,1330,1656
MORGAN,375,North Morgan,1276,1651
MURRAY,175,MCDONALD,1123,1298
MURRAY,257,SHUCK PEN,1333,1590
MURRAY,214,SOUTHWEST,1368,1582
MURRAY,326,SPRING PLACE,1700,2026
MURRAY,542,TOWN,2753,3295
MURRAY,151,CARTERS-DOOLITTLE,979,1130
MURRAY,134,NORTH,1084,1218
MUSCOGEE,2040,WYNNTON,621,2661
MUSCOGEE,2089,CARVER/MACK,80,2169
MUSCOGEE,2843,ST JOHN/BELVEDERE,179,3022
MUSCOGEE,483,BRITT DAVID BAPT CH,913,1396
MUSCOGEE,626,ST PETER U. M. C.,1327,1953
MUSCOGEE,1227,CORNERSTONE CHURCH,2169,3396
MUSCOGEE,760,COLUMBUS TECH,1009,1769
MUSCOGEE,1129,ST. MARK/HEIFERHORN,2929,4058
MUSCOGEE,514,WYNNBROOK,1402,1916
MUSCOGEE,2412,CUSSETA RD,125,2537
MUSCOGEE,1854,NATIONAL INFANTRY,311,2165
MUSCOGEE,1329,EDDY/KEY,370,1699
MUSCOGEE,2925,MT. PILGRIM,141,3066
MUSCOGEE,2162,FAITH TABERNACLE,176,2338
MUSCOGEE,2710,FORT/WADDELL,533,3243
MUSCOGEE,3110,ROTHSCHILD,464,3574
MUSCOGEE,1382,GENTIAN/REESE @LDS,1607,2989
MUSCOGEE,822,ST PAUL U.M.C.-02,1568,2390
MUSCOGEE,411,ST PAUL U.M.C.-03,498,909
MUSCOGEE,972,MOON/MORNINGSIDE,2076,3048
MUSCOGEE,1833,ST. ANDREWS/MIDLAND,2561,4394
MUSCOGEE,816,SALVATION ARMY,923,1739
MUSCOGEE,571,FIRST AFRICAN,206,777
MUSCOGEE,67,EPWORTH-02,44,111
MUSCOGEE,758,EPWORTH-03,1222,1980
MUSCOGEE,842,GALLOPS/HANNAN,327,1169
MUSCOGEE,1085,EDGEWOOD BAPTIST,623,1708
MUSCOGEE,1830,PSALMOND/MATHEWS,2497,4327
NEWTON,552,City Pond,310,862
NEWTON,1687,Town,488,2175
NEWTON,1959,Almon,706,2665
NEWTON,989,Alcovy-4,1228,2217
NEWTON,46,Alcovy-10,210,256
NEWTON,803,Covington Mills,762,1565
NEWTON,500,Brewers,1511,2011
NEWTON,394,Brick Store,1282,1676
NEWTON,743,Cedar Shoals,628,1371
NEWTON,1649,Livingston,722,2371
NEWTON,1619,Downs,1883,3502
NEWTON,653,Gum Creek,2071,2724
NEWTON,2068,Beaverdam,617,2685
NEWTON,266,Leguinn,1064,1330
NEWTON,114,Mansfield,877,991
NEWTON,105,Newborn,425,530
NEWTON,417,Oxford,1009,1426
NEWTON,138,Rocky Plains-4,140,278
NEWTON,676,Rocky Plains-10,976,1652
NEWTON,1365,Buck Creek,1357,2722
NEWTON,1662,Stansells,726,2388
NEWTON,1155,Fairview,217,1372
NEWTON,2109,Crowell,367,2476
NEWTON,267,Hub,1331,1598
OCONEE,498,Annex,950,1448
OCONEE,332,Colham Ferry,836,1168
OCONEE,204,Antioch,685,889
OCONEE,125,Farmington,327,452
OCONEE,319,Bishop,930,1249
OCONEE,320,High Shoals,965,1285
OCONEE,170,North Oconee,594,764
OCONEE,369,Dark Corner,1510,1879
OCONEE,412,Bogart,1120,1532
OCONEE,821,Malcom Bridge,1821,2642
OCONEE,637,Athens Academy,1104,1741
OCONEE,925,Civic Center,1882,2807
OCONEE,441,City Hall,693,1134
OGLETHORPE,483,Beaverdam,1468,1951
OGLETHORPE,538,Crawford,1214,1752
OGLETHORPE,808,Lexington,1940,2748
PAULDING,1300,SAMMY MCCLURE MID SC,5441,6741
PAULDING,267,NORTHSIDE ELEM SCH,1242,1509
PAULDING,971,MOSES MIDDLE SCHOOL,2893,3864
PAULDING,1780,RUSSOM ELEM SCH,4526,6306
PAULDING,1350,MT TABOR PARK,4229,5579
PAULDING,1670,WATSON GOVT COMPLEX,2996,4666
PAULDING,1944,P B RITCH MIDD SCH,2531,4475
PAULDING,724,SARA RAGSDALE ELM SC,3036,3760
PAULDING,999,PAULDING CO HIGH SC,2235,3234
PAULDING,1700,HIRAM HIGH SCHOOL,2275,3975
PAULDING,2349,TAYLOR FARM PARK,3530,5879
PAULDING,1506,AUSTIN MIDDLE SCHOOL,3767,5273
PAULDING,1054,NEBO ELEMENTARY SCH,3603,4657
PAULDING,390,CARL SCOGGINS MID SC,2342,2732
PEACH,442,BYRON #1,1212,1654
PEACH,946,BYRON #2,1831,2777
PEACH,99,CLAUDE,442,541
PEACH,884,FORT VALLEY #1,610,1494
PEACH,948,FORT VALLEY #2,442,1390
PEACH,1572,FORT VALLEY #3,203,1775
PEACH,192,POWERSVILLE,665,857
PICKENS,365,YELLOW CREEK,1725,2090
PICKENS,340,SHARPTOP,1434,1774
PICKENS,167,APPALACHIAN,970,1137
PICKENS,169,REFUGE,1259,1428
PICKENS,158,HILL,913,1071
PICKENS,47,HINTON,404,451
PICKENS,67,JERUSALEM,538,605
PICKENS,24,LUDVILLE,343,367
PICKENS,118,NELSON,750,868
PICKENS,103,TALKING ROCK,933,1036
PICKENS,246,JASPER,1024,1270
PICKENS,105,TATE - 14,935,1040
PICKENS,68,TATE - 09,423,491
PIERCE,375,Hacklebarney/Cason,1491,1866
PIERCE,188,Blackshear,1556,1744
PIERCE,77,St Johns/Blackshear,905,982
PIERCE,71,Otter Creek,754,825
PIERCE,115,Patterson,622,737
PIERCE,26,Mershon,273,299
PIERCE,47,Alabaha,511,558
PIERCE,4,Sunset/Sweat,189,193
PIKE,183,Concord,689,872
PIKE,97,Hollonville,1001,1098
PIKE,90,Meansville,765,855
PIKE,176,Molena,769,945
PIKE,178,Second District,1481,1659
PIKE,87,Lifsey Springs,635,722
PIKE,118,Williamson,917,1035
PIKE,310,Zebulon,1016,1326
POLK,262,ARAGON,1493,1755
POLK,162,BLOOMING GROVE,790,952
POLK,1051,CEDARTOWN,2318,3369
POLK,240,FISH CREEK,1334,1574
POLK,248,LAKE CREEK,1564,1812
POLK,772,ROCKMART,2506,3278
POLK,128,YOUNGS GROVE,1001,1129
PULASKI,1104,COURTHOUSE ANNEX,2436,3540
PUTNAM,856,101,991,1847
PUTNAM,1003,104,991,1994
PUTNAM,373,105,1912,2285
PUTNAM,105,106,649,754
PUTNAM,408,107,1973,2381
QUITMAN,426,Georgetown,525,951
QUITMAN,35,Morris,50,85
RABUN,1443,Rabun,6287,7730
RANDOLPH,61,Coleman,89,150
RANDOLPH,314,Shellman,175,489
RANDOLPH,84,Benevolence,171,255
RANDOLPH,734,Cuthbert/Courthouse,426,1160
RANDOLPH,238,Cuthbert,5,243
RANDOLPH,30,Carnegie,205,235
RANDOLPH,12,Fountain Bridge-4th,70,82
RANDOLPH,112,Springvale,55,167
RANDOLPH,12,4th District,74,86
RICHMOND,262,101,253,515
RICHMOND,519,102,188,707
RICHMOND,732,103,16,748
RICHMOND,1440,104,93,1533
RICHMOND,382,105,12,394
RICHMOND,331,106,118,449
RICHMOND,532,107,560,1092
RICHMOND,282,108,28,310
RICHMOND,440,109,105,545
RICHMOND,614,111,126,740
RICHMOND,268,112,176,444
RICHMOND,406,114,48,454
RICHMOND,100,115,99,199
RICHMOND,721,201,22,743
RICHMOND,1555,202,684,2239
RICHMOND,545,203,10,555
RICHMOND,430,204,452,882
RICHMOND,751,207,16,767
RICHMOND,1131,208,228,1359
RICHMOND,425,209,135,560
RICHMOND,818,210,111,929
RICHMOND,552,301,1157,1709
RICHMOND,396,302,130,526
RICHMOND,273,303,725,998
RICHMOND,100,304,165,265
RICHMOND,64,305,267,331
RICHMOND,1272,306,861,2133
RICHMOND,392,307,654,1046
RICHMOND,181,308,153,334
RICHMOND,1465,309,212,1677
RICHMOND,1844,310,580,2424
RICHMOND,1232,401,67,1299
RICHMOND,1381,402,145,1526
RICHMOND,908,404,118,1026
RICHMOND,2265,405,204,2469
RICHMOND,1719,406,170,1889
RICHMOND,1622,501,224,1846
RICHMOND,2114,502,171,2285
RICHMOND,1852,503,340,2192
RICHMOND,705,504,308,1013
RICHMOND,136,506,69,205
RICHMOND,317,507,136,453
RICHMOND,1089,509,175,1264
RICHMOND,1255,601,478,1733
RICHMOND,881,603,1050,1931
RICHMOND,642,604,282,924
RICHMOND,1265,605,724,1989
RICHMOND,1042,607,48,1090
RICHMOND,280,608,541,821
RICHMOND,565,701,1047,1612
RICHMOND,404,702,798,1202
RICHMOND,1319,703,1160,2479
RICHMOND,624,705,909,1533
RICHMOND,735,706,1400,2135
RICHMOND,632,707,490,1122
RICHMOND,49,708,150,199
RICHMOND,160,709,169,329
RICHMOND,94,801,198,292
RICHMOND,75,801B,214,289
RICHMOND,512,802,1114,1626
RICHMOND,15,803,8,23
RICHMOND,597,804,445,1042
RICHMOND,769,804H,929,1698
RICHMOND,271,805,135,406
RICHMOND,243,806,480,723
RICHMOND,543,807,197,740
RICHMOND,586,808,784,1370
RICHMOND,506,809,30,536
RICHMOND,80,810,150,230
ROCKDALE,1656,Barksdale,1396,3052
ROCKDALE,278,Bethel,667,945
ROCKDALE,1267,Conyers,439,1706
ROCKDALE,2020,Fieldstone,389,2409
ROCKDALE,1735,Flat Shoals,641,2376
ROCKDALE,623,Honey Creek,883,1506
ROCKDALE,1176,Hightower,797,1973
ROCKDALE,666,The Lakes,325,991
ROCKDALE,1350,Lorraine,1239,2589
ROCKDALE,776,Magnet,1036,1812
ROCKDALE,1529,Milstead,526,2055
ROCKDALE,2418,Olde Towne,513,2931
ROCKDALE,1707,Rockdale,866,2573
ROCKDALE,1516,Salem,671,2187
ROCKDALE,483,Sheffield,874,1357
ROCKDALE,1828,Smyrna,818,2646
ROCKDALE,1163,St. Pius,371,1534
ROCKDALE,1015,Stanton,1012,2027
SCHLEY,401,Precinct One,1472,1873
SCREVEN,318,Sylvania,413,731
SCREVEN,98,Hunters,194,292
SCREVEN,233,Newington,384,617
SCREVEN,366,Jenk Hill Fire Sta,324,690
SCREVEN,95,Rocky Ford,233,328
SCREVEN,75,Bay Branch,470,545
SCREVEN,265,Hiltonia,295,560
SCREVEN,134,Screven Rec Dept,111,245
SCREVEN,121,Greenhill Church,423,544
SCREVEN,434,Sr Citizens Center,247,681
SCREVEN,53,Jackson Fire Station,168,221
SCREVEN,108,Cooperville Fire Station,43,151
SEMINOLE,229,Precinct 1,573,802
SEMINOLE,231,Precinct 2,489,720
SEMINOLE,500,Precinct 3,92,592
SEMINOLE,143,Precinct 4,565,708
SEMINOLE,83,Precinct 5,624,707
SPALDING,739,SECOND BAPTISH CH,101,840
SPALDING,855,FAIRMONT,72,927
SPALDING,192,SENIOR CENTER,740,932
SPALDING,180,THIRD WARD,634,814
SPALDING,974,UGA CAMPUS,830,1804
SPALDING,839,CITY PARK,221,1060
SPALDING,227,FIRST METHODIST,883,1110
SPALDING,267,BOY SCOUTS HDQTRS,867,1134
SPALDING,151,CABIN,926,1077
SPALDING,378,CARVER,796,1174
SPALDING,422,FIRST PRESBYTERIA,996,1418
SPALDING,177,LIBERTY,766,943
SPALDING,170,COUNTY LINE,1260,1430
SPALDING,235,SUNNYSIDE METHODI,722,957
SPALDING,44,BLALOCK,368,412
SPALDING,836,GARY REID,610,1446
SPALDING,347,AMBUCS,671,1018
SPALDING,759,COMMUNITY,123,882
SPALDING,405,FIRST ASSEMBLY,1247,1652
SPALDING,219,ROBERTS,1084,1303
SPALDING,931,EAGES LANDING BAPTIST,1719,2650
STEPHENS,1835,Senior Center,7682,9517
STEWART,547,Richland,347,894
STEWART,124,Louvale,79,203
STEWART,470,Lumpkin,304,774
STEWART,79,Omaha,75,154
SUMTER,394,Leslie,680,1074
SUMTER,199,Thomson,226,425
SUMTER,218,Chambliss,438,656
SUMTER,71,AndersonV,218,289
SUMTER,1216,Rees Park,376,1592
SUMTER,774,GSW Conf Center,1051,1825
SUMTER,1276,Rec Dept,254,1530
SUMTER,501,Airport,674,1175
SUMTER,35,Concord,226,261
SUMTER,339,Plains,348,687
SUMTER,497,AG Center,784,1281
TALBOT,230,ONEAL,171,401
TALBOT,277,VALLEY,243,520
TALBOT,207,JUNCTION CITY,106,313
TALBOT,215,GENEVA,129,344
TALBOT,487,TALBOTTON,106,593
TALBOT,121,BOX SPRINGS,166,287
TALBOT,464,FLINT HILL,275,739
TALIAFERRO,114,Sharon,80,194
TALIAFERRO,431,Crawfordville,269,700
TATTNALL,78,Cobbtown,342,420
TATTNALL,137,Shiloh,307,444
TATTNALL,191,Collins,655,846
TATTNALL,43,Manassas,124,167
TATTNALL,453,District II,878,1331
TATTNALL,233,East Glennville,1201,1434
TATTNALL,459,District IV,1027,1486
TATTNALL,84,District V,558,642
TAYLOR,549,#1 BUTLER FIRE DEPT.,99,648
TAYLOR,203,#5 COURTHOUSE,1186,1389
TAYLOR,543,#6 REYNOLDS,777,1320
TELFAIR,195,Helena,401,596
TELFAIR,116,Jacksonville,307,423
TELFAIR,283,Lumber-City,348,631
TELFAIR,612,McRae,761,1373
TELFAIR,62,Milan,474,536
TELFAIR,45,Scotland,158,203
TERRELL,1395,Dawson,427,1822
TERRELL,286,Sasser,608,894
TERRELL,258,Bronwood,290,548
TERRELL,116,Parrott,183,299
TERRELL,129,Graves,258,387
TERRELL,83,Herod-Dover,106,189
THOMAS,97,Barwick,330,427
THOMAS,495,Boston,539,1034
THOMAS,654,Central,1365,2019
THOMAS,136,Coolidge,403,539
THOMAS,1003,Douglass,206,1209
THOMAS,126,Ellabelle,629,755
THOMAS,237,Fire Station 2,742,979
THOMAS,259,Gatlin Creek,1051,1310
THOMAS,918,Harper,282,1200
THOMAS,459,Jerger,799,1258
THOMAS,246,Meigs,267,513
THOMAS,140,Merrillville,317,457
THOMAS,61,Metcalfe,151,212
THOMAS,294,New Covenant,979,1273
THOMAS,120,Ochlocknee,591,711
THOMAS,44,Patten,226,270
THOMAS,83,Pavo,348,431
THOMAS,466,Remington ESC,869,1335
THOMAS,770,Resource Center,69,839
THOMAS,530,Scott,1062,1592
TIFT,598,Tifton Northeast,1154,1752
TIFT,208,Brighton,1301,1509
TIFT,104,Brookfield,781,885
TIFT,128,Chula,813,941
TIFT,76,Docia,658,734
TIFT,79,Eldorado,643,722
TIFT,89,Omega,328,417
TIFT,161,Ty Ty,554,715
TIFT,474,Tifton Northwest,1453,1927
TIFT,762,Tifton South,313,1075
TIFT,1109,Mott-Littman Gym,223,1332
TIFT,534,Tifton Lodge,1344,1878
TOOMBS,488,15361 Lyons,1453,1941
TOOMBS,92,39 New Branch,720,812
TOOMBS,71,43 Cedar Crossing,716,787
TOOMBS,975,513 V.P.D.,2394,3369
TOOMBS,712,514 S.T.I.A.L.C,1329,2041
TOWNS,462,Young Harris,1703,2165
TOWNS,4,Tate City,21,25
TOWNS,346,Macedonia,1880,2226
TOWNS,394,Hiawassee,1773,2167
TREUTLEN,146,Annex,1198,1344
TREUTLEN,716,Soperton,611,1327
TROUP,572,HOLLIS HAND,1792,2364
TROUP,1313,ADMINISTRATION BLDG,563,1876
TROUP,1260,HAMMETT RD,965,2225
TROUP,1142,GRIGGS CENTER,64,1206
TROUP,773,WEST POINT,394,1167
TROUP,622,HOGANSVILLE,1085,1707
TROUP,398,EAST VERNON,1648,2046
TROUP,346,ROSEMONT,1951,2297
TROUP,387,MOUNTVILLE,762,1149
TROUP,468,MCLENDON,1791,2259
TROUP,499,LONG CANE,1591,2090
TROUP,440,GARDNER NEWMAN,747,1187
TROUP,302,GRAY HILL,843,1145
TROUP,456,HIGHLAND,457,913
TROUP,619,NORTHSIDE,990,1609
TURNER,1078,Ashburn,919,1997
TURNER,126,Sycamore,916,1042
TURNER,39,Rebecca,259,298
TWIGGS,200,DRY BRANCH,660,860
TWIGGS,630,GOLDEN ISLES,434,1064
TWIGGS,138,HIGGSVILLE,342,480
TWIGGS,698,JEFFERSONVILLE/WARE,353,1051
TWIGGS,304,SHADY GROVE/TARVERS,245,549
UNION,252,Blairsville,1263,1515
UNION,210,Coosa,1239,1449
UNION,122,Choestoe,713,835
UNION,191,Jones Creek,1020,1211
UNION,190,Owltown,825,1015
UNION,189,Ivy Log,997,1186
UNION,86,Suches,316,402
UNION,132,Trackrock,619,751
UNION,187,Dooley,753,940
UNION,179,Gumlog,1084,1263
UNION,224,Pat Colwell,1020,1244
UPSON,1034,REDBONE,3956,4990
UPSON,222,YATESVILLE,649,871
UPSON,240,SALEM,32,272
UPSON,1975,TOWN,2651,4626
WALKER,630,LAFAYETTE,2612,3242
WALKER,124,CENTER POST,1083,1207
WALKER,522,ROCK SPRING,3137,3659
WALKER,124,ARMUCHEE VALLEY,667,791
WALKER,132,MOUNTAIN,566,698
WALKER,721,CHATTANOOGA VALLEY,2825,3546
WALKER,161,KENSINGTON,683,844
WALKER,669,ROSSVILLE,2318,2987
WALKER,577,CHICKAMAUGA,3345,3922
WALKER,246,FAIRYLAND,540,786
WALKER,307,FAIRVIEW,1162,1469
WALTON,410,Bold Springs,2521,2931
WALTON,103,Whatley,612,715
WALTON,312,Walker Park,1931,2243
WALTON,77,Gratis,757,834
WALTON,527,Between,2427,2954
WALTON,191,Walnut Grove,1337,1528
WALTON,535,Loganville North,2350,2885
WALTON,714,Social Circle,1872,2586
WALTON,577,South Monroe,1435,2012
WALTON,1223,North Monroe,971,2194
WALTON,551,Loganville South,1646,2197
WALTON,374,West Walton,2350,2724
WALTON,361,Broken Arrow,2234,2595
WALTON,262,Bay Creek,1816,2078
WALTON,694,E Monroe,1056,1750
WALTON,221,W Monroe,1081,1302
WALTON,696,Tara,1382,2078
WALTON,115,Mountain,618,733
WALTON,98,Jersey,1101,1199
WALTON,89,Blasingame,634,723
WALTON,149,Good Hope,962,1111
WARE,1737,100,417,2154
WARE,461,200A,997,1458
WARE,262,200B,192,454
WARE,408,300,1879,2287
WARE,89,304,522,611
WARE,248,400,1861,2109
WARE,30,404,215,245
WARE,25,405,358,383
WARE,84,406,927,1011
WARE,18,407,300,318
WARE,24,408,286,310
WARE,50,409,554,604
WARREN,1313,Warrenton,991,2304
WASHINGTON,135,RIDDLEVILLE,285,420
WASHINGTON,217,WARTHEN,281,498
WASHINGTON,876,TENNILLE,641,1517
WASHINGTON,174,OCONEE,201,375
WASHINGTON,231,HARRISON,422,653
WASHINGTON,265,DAVISBORO,305,570
WASHINGTON,2188,SANDERSVILLE,1732,3920
WASHINGTON,101,DEEPSTEP,271,372
WAYNE,72,Odum,731,803
WAYNE,40,Madray Springs,681,721
WAYNE,110,Oglethorpe,945,1055
WAYNE,155,Screven,712,867
WAYNE,5,Ritch,219,224
WAYNE,46,Empire,623,669
WAYNE,84,Red Hill,480,564
WAYNE,275,Altamaha,1106,1381
WAYNE,42,Gardi,376,418
WAYNE,12,Mt. Pleasant,204,216
WAYNE,429,VFW,99,528
WAYNE,279,Pine Street,322,601
WAYNE,275,Unity,869,1144
WAYNE,206,Rec Center,696,902
WAYNE,9,East Jesup,84,93
WEBSTER,471,Preston 1,630,1101
WHEELER,398,Alamo,831,1229
WHEELER,248,Glenwood,590,838
WHITE,231,Blue Creek,1177,1408
WHITE,60,Blue Ridge,425,485
WHITE,78,Helen,264,342
WHITE,182,Mossy Creek,1517,1699
WHITE,384,Mt. Yonah,2082,2466
WHITE,257,Nacoochee,743,1000
WHITE,48,Robertstown,173,221
WHITE,153,Shoal Creek,1127,1280
WHITE,97,Tesnatee,549,646
WHITE,99,Town Creek,768,867
WHITE,83,White Creek,926,1009
WHITFIELD,471,AN,540,1011
WHITFIELD,142,CA,788,930
WHITFIELD,137,CO,644,781
WHITFIELD,500,DG,1372,1872
WHITFIELD,267,ES,531,798
WHITFIELD,315,FI,822,1137
WHITFIELD,465,GL,810,1275
WHITFIELD,76,LT,610,686
WHITFIELD,118,MC,845,963
WHITFIELD,222,NI,1163,1385
WHITFIELD,691,PG,2036,2727
WHITFIELD,383,TH,1747,2130
WHITFIELD,64,TI,354,418
WHITFIELD,104,TR,759,863
WHITFIELD,67,UT,501,568
WHITFIELD,581,VA,2520,3101
WHITFIELD,312,WS,1282,1594
WHITFIELD,493,1A,568,1061
WHITFIELD,500,2A,1259,1759
WHITFIELD,399,3A,849,1248
WHITFIELD,531,4A,1095,1626
WHITFIELD,612,5A,233,845
WHITFIELD,475,6A,186,661
WILCOX,262,Rochelle North 1,59,321
WILCOX,112,Abbeville North 2,155,267
WILCOX,165,Pineview 2,240,405
WILCOX,69,Pitts 3,479,548
WILCOX,99,Rochelle South 4,591,690
WILCOX,145,Abbeville South 5,572,717
WILKES,564,Senior Citizen Center,358,922
WILKES,161,Young Farmer's Bldg,685,846
WILKES,95,Metasville Fire Station,284,379
WILKES,429,Edward B Pope Center,180,609
WILKES,124,Rayle City Hall,236,360
WILKES,234,Courthouse,463,697
WILKES,237,Tignall Sch Lunch RM,363,600
WILKINSON,15,Bloodworth,256,271
WILKINSON,22,Griffin,99,121
WILKINSON,21,High Hill,95,116
WILKINSON,301,Irwinton,237,538
WILKINSON,55,Ivey,490,545
WILKINSON,228,Lord,254,482
WILKINSON,530,Midway,129,659
WILKINSON,628,Ramah,570,1198
WILKINSON,93,Turkey Creek,202,295
WORTH,903,Sylvester,559,1462
WORTH,22,Scooterville,337,359
WORTH,26,Minton,313,339
WORTH,110,Bridgeboro,639,749
WORTH,64,County Line,358,422
WORTH,94,Isabella,806,900
WORTH,71,Piney Woods,113,184
WORTH,162,Sylver East,664,826
WORTH,93,Poulan,434,527
WORTH,91,Sumner,418,509
WORTH,47,Shingler,337,384
WORTH,134,Red Rock,523,657
WORTH,26,Doles,252,278
WORTH,45,Oakfield,91,136
WORTH,127,Warwick,300,427
