county,dem_votes,precinct,rep_votes,total
CLAYTON,3156,ELLENWOOD,218,3374
CLAYTON,1011,FOREST PARK 1,265,1276
CLAYTON,953,FOREST PARK 2,183,1136
CLAYTON,877,FOREST PARK 3,222,1099
CLAYTON,569,FOREST PARK 4,282,851
CLAYTON,1257,FOREST PARK 5,263,1520
CLAYTON,456,FOREST PARK 6,204,660
CLAYTON,2160,JONESBORO 1,207,2367
CLAYTON,2014,JONESBORO 2,108,2122
CLAYTON,1787,JONESBORO 3,384,2171
CLAYTON,805,JONESBORO 4,172,977
CLAYTON,820,JONESBORO 5,269,1089
CLAYTON,836,JONESBORO 6,840,1676
CLAYTON,1382,JONESBORO 7,328,1710
CLAYTON,1562,JONESBORO 8,115,1677
CLAYTON,470,JONESBORO 9,131,601
CLAYTON,1221,JONESBORO 10,158,1379
CLAYTON,1656,JONESBORO 11,483,2139
CLAYTON,1322,JONESBORO 12,109,1431
CLAYTON,946,JONESBORO 13,182,1128
CLAYTON,1763,JONESBORO 14,854,2617
CLAYTON,1047,JONESBORO 15,128,1175
CLAYTON,905,JONESBORO 16,126,1031
CLAYTON,2141,JONESBORO 17,164,2305
CLAYTON,1340,JONESBORO 18,206,1546
CLAYTON,1173,LAKE CITY,154,1327
CLAYTON,1771,LOVEJOY 1,313,2084
CLAYTON,1411,LOVEJOY 2,196,1607
CLAYTON,2676,LOVEJOY 3,572,3248
CLAYTON,2014,LOVEJOY 4,232,2246
CLAYTON,1363,LOVEJOY 5,147,1510
CLAYTON,1314,MORROW 1,128,1442
CLAYTON,678,MORROW 2,338,1016
CLAYTON,1823,MORROW 3,337,2160
CLAYTON,725,MORROW 4,234,959
CLAYTON,2415,MORROW 5,407,2822
CLAYTON,1203,MORROW 6,243,1446
CLAYTON,756,MORROW 7,160,916
CLAYTON,1457,MORROW 8,114,1571
CLAYTON,607,MORROW 9,112,719
CLAYTON,1082,OAK 1,36,1118
CLAYTON,693,OAK 2,41,734
CLAYTON,1689,OAK 3,67,1756
CLAYTON,1627,OAK 4,59,1686
CLAYTON,1548,PANHANDLE 1,217,1765
CLAYTON,1204,PANHANDLE 2,456,1660
CLAYTON,1234,RIVERDALE 1,106,1340
CLAYTON,1573,RIVERDALE 2,76,1649
CLAYTON,1674,RIVERDALE 3,86,1760
CLAYTON,1738,RIVERDALE 4,192,1930
CLAYTON,1409,RIVERDALE 5,108,1517
CLAYTON,1213,RIVERDALE 6,195,1408
CLAYTON,895,RIVERDALE 7,134,1029
CLAYTON,1468,RIVERDALE 8,159,1627
CLAYTON,1225,RIVERDALE 9,146,1371
CLAYTON,1144,RIVERDALE 10,43,1187
CLAYTON,982,RIVERDALE 11,60,1042
CLAYTON,1497,RIVERDALE 12,110,1607
COBB,1363,Acworth 1A,1721,3084
COBB,1152,Acworth 1B,1607,2759
COBB,1532,Acworth 1C,1037,2569
COBB,681,Addison 01,898,1579
COBB,1995,Austell 1A,523,2518
COBB,792,Bells Ferry 02,1041,1833
COBB,1357,Bells Ferry 03,2108,3465
COBB,667,Big Shanty 01,887,1554
COBB,805,Big Shanty 02,1185,1990
COBB,1460,Baker 01,1257,2717
COBB,899,Birney 01,558,1457
COBB,1441,Birney 02,922,2363
COBB,1190,Bryant 01,74,1264
COBB,2450,Bryant 02,140,2590
COBB,767,Blackwell 01,875,1642
COBB,2134,Chattahoochee 01,780,2914
COBB,702,Cheatham Hill 02,1298,2000
COBB,1117,Cheatham Hill 03,1507,2624
COBB,1468,Chalker 01,1282,2750
COBB,666,Clarkdale 01,448,1114
COBB,2063,Clarkdale 02,981,3044
COBB,1998,Cooper 01,625,2623
COBB,809,Chestnut Ridge 01,1410,2219
COBB,823,Dickerson 01,1145,1968
COBB,1638,Dobbins 01,400,2038
COBB,973,Dowell 01,1059,2032
COBB,553,Dodgen 01,929,1482
COBB,718,Durham 01,2056,2774
COBB,502,Davis 01,803,1305
COBB,832,Eastside 01,1231,2063
COBB,1115,Eastside 02,1651,2766
COBB,1240,Elizabeth 01,685,1925
COBB,617,Elizabeth 02,961,1578
COBB,723,Elizabeth 03,1138,1861
COBB,928,Elizabeth 04,709,1637
COBB,860,Elizabeth 05,1071,1931
COBB,733,East Piedmont 01,694,1427
COBB,1564,Fair Oaks 01,603,2167
COBB,1617,Fair Oaks 02,588,2205
COBB,738,Fair Oaks 04,436,1174
COBB,542,Fair Oaks 05,297,839
COBB,982,Fullers Park 01,1274,2256
COBB,557,Ford 01,1562,2119
COBB,511,Frey 01,1115,1626
COBB,759,Garrison Mill 01,1119,1878
COBB,960,Gritters 01,1472,2432
COBB,2753,Harmony Leland 01,646,3399
COBB,491,Harrison 01,1412,1903
COBB,1146,Hightower 01,1713,2859
COBB,789,Hayes 01,1796,2585
COBB,652,Kennesaw 1A,688,1340
COBB,936,Kennesaw 2A,1250,2186
COBB,1899,Kennesaw 3A,1227,3126
COBB,1002,Kennesaw 4A,1155,2157
COBB,1708,Kennesaw 5A,1788,3496
COBB,461,Kell 01,840,1301
COBB,335,Kemp 01,943,1278
COBB,978,Kemp 02,1643,2621
COBB,633,Kemp 03,2032,2665
COBB,843,Lasssiter 01,1606,2449
COBB,2170,Lindley 01,796,2966
COBB,738,Lost Mountain 01,1567,2305
COBB,680,Lost Mountain 02,2112,2792
COBB,1081,Lost Mountain 03,2342,3423
COBB,558,Lost Mountain 04,1238,1796
COBB,324,Lewis 01,769,1093
COBB,1794,Mableton 01,982,2776
COBB,948,Mableton 02,503,1451
COBB,903,Mableton 03,829,1732
COBB,468,Mableton 04,536,1004
COBB,392,Mabry 01,797,1189
COBB,1554,Macland 01,740,2294
COBB,1035,Murdock 01,1611,2646
COBB,1102,McEachern 01,1002,2104
COBB,442,McCleskey 01,752,1194
COBB,326,McClure 01,747,1073
COBB,1176,Marietta 1A,497,1673
COBB,536,Marietta 2A,948,1484
COBB,1491,Marietta 2B,1069,2560
COBB,2095,Marietta 3A,1499,3594
COBB,372,Marietta 4A,1008,1380
COBB,614,Marietta 4B,623,1237
COBB,648,Marietta 4C,1231,1879
COBB,1244,Marietta 5A,378,1622
COBB,905,Marietta 5B,290,1195
COBB,908,Marietta 6A,307,1215
COBB,924,Marietta 6B,913,1837
COBB,1206,Marietta 7A,273,1479
COBB,472,Mars Hill 01,1638,2110
COBB,646,Mars Hill 02,1027,1673
COBB,1172,Mount Bethel 01,1668,2840
COBB,956,Mount Bethel 03,1181,2137
COBB,805,Mount Bethel 04,1237,2042
COBB,593,North Cobb 01,785,1378
COBB,2088,Nickajack 01,703,2791
COBB,1410,Norton Park 01,1074,2484
COBB,570,Nicholson 01,976,1546
COBB,1378,Oakdale 01,1083,2461
COBB,387,Oregon 01,762,1149
COBB,2300,Oregon 02,858,3158
COBB,1179,Oregon 03,576,1755
COBB,1772,Oregon 04,724,2496
COBB,1277,Oregon 05,1128,2405
COBB,2283,Pebblebrook 01,500,2783
COBB,959,Powers Ferry 01,1098,2057
COBB,685,Pine Mountain 01,1605,2290
COBB,501,Pine Mountain 02,1597,2098
COBB,849,Post Oak 01,1629,2478
COBB,797,Pope 01,1316,2113
COBB,587,Palmer 01,1042,1629
COBB,1633,Powder Springs 1A,925,2558
COBB,1450,Powder Springs 2A,415,1865
COBB,1448,Powder Springs 3A,622,2070
COBB,647,Pitner 01,1087,1734
COBB,852,Rocky Mountain 01,1381,2233
COBB,905,Riverside 01,84,989
COBB,1534,Roswell 01,2292,3826
COBB,1041,Roswell 02,1450,2491
COBB,849,Sandy Plains 01,1048,1897
COBB,916,Shallowford Fall 01,1401,2317
COBB,533,Simpson 01,766,1299
COBB,976,Sewell Mill 01,1270,2246
COBB,1372,Sewell Mill 03,1208,2580
COBB,1589,Smyrna 1A,485,2074
COBB,2199,Smyrna 2A,785,2984
COBB,2241,Smyrna 3A,1373,3614
COBB,2065,Smyrna 4A,1765,3830
COBB,1360,Smyrna 5A,681,2041
COBB,2161,Smyrna 6A,1635,3796
COBB,2622,Smyrna 7A,1358,3980
COBB,583,Sope Creek 01,977,1560
COBB,1355,Sope Creek 02,1486,2841
COBB,721,Sope Creek 03,1225,1946
COBB,1147,Sweetwater 01,897,2044
COBB,1137,Sweetwater 02,382,1519
COBB,1982,Terrell Mill 01,869,2851
COBB,767,Timber Ridge 01,1000,1767
COBB,598,Vaughn 01,1538,2136
COBB,859,Vinings 01,584,1443
COBB,2238,Vinings 02,1221,3459
COBB,1598,Vinings 03,991,2589
COBB,1008,Vinings 04,1270,2278
COBB,1361,Wade Green 02,1410,2771
COBB,750,Wileo 01,1254,2004
DEKALB,1571,ALLGOOD ELEM,172,1743
DEKALB,1081,ASHFORD DUNWOODY RD,897,1978
DEKALB,782,ASHFORD PARK ELEM,809,1591
DEKALB,1400,ASHFORD PARKSIDE,954,2354
DEKALB,784,AUSTIN,1064,1848
DEKALB,1101,AUSTIN DRIVE,60,1161
DEKALB,1483,AVONDALE,550,2033
DEKALB,949,AVONDALE HIGH - 04,164,1113
DEKALB,847,AVONDALE HIGH - 05,93,940
DEKALB,2398,BETHUNE MIDDLE,78,2476
DEKALB,1106,BOULDERCREST RD,53,1159
DEKALB,2575,BOULEVARD,236,2811
DEKALB,1364,BRIAR VISTA ELEM,408,1772
DEKALB,1193,BRIARCLIFF,686,1879
DEKALB,706,BRIARLAKE ELEM,486,1192
DEKALB,870,BRIARWOOD,513,1383
DEKALB,966,BROCKETT,584,1550
DEKALB,1042,BROCKETT ELEM,546,1588
DEKALB,1164,BROOKHAVEN,988,2152
DEKALB,2293,BROWNS MILL ELEM,80,2373
DEKALB,1725,BURGESS ELEM,133,1858
DEKALB,1081,CANBY LANE ELEM,31,1112
DEKALB,1533,CANDLER,72,1605
DEKALB,1695,CANDLER-MURPHEY CANDLER ELEM,133,1828
DEKALB,2431,CEDAR GROVE ELEM,91,2522
DEKALB,813,CEDAR GROVE MIDDLE,23,836
DEKALB,2235,CEDAR GROVE SOUTH,75,2310
DEKALB,631,CHAMBLEE ,361,992
DEKALB,969,CHAMBLEE 2,686,1655
DEKALB,1907,CHAPEL HILL ELEM,49,1956
DEKALB,932,CHESNUT ELEM,415,1347
DEKALB,1963,CLAIREMONT EAST,350,2313
DEKALB,1995,CLAIREMONT WEST,329,2324
DEKALB,1422,CLAIRMONT ROAD,425,1847
DEKALB,2387,CLARKSTON,230,2617
DEKALB,919,CLIFTON ELEM,39,958
DEKALB,1141,COLUMBIA DRIVE,37,1178
DEKALB,744,COLUMBIA ELEM,8,752
DEKALB,948,COLUMBIA MIDDLE,27,975
DEKALB,1565,CORALWOOD,665,2230
DEKALB,846,COVINGTON,83,929
DEKALB,349,COVINGTON HWY LIBRARY,19,368
DEKALB,782,CROSS KEYS HIGH,483,1265
DEKALB,1569,CROSSROADS,78,1647
DEKALB,1077,DORAVILLE NORTH,380,1457
DEKALB,488,DORAVILLE SOUTH,203,691
DEKALB,1903,DRESDEN ELEM,726,2629
DEKALB,1554,DRUID HILLS HIGH,279,1833
DEKALB,986,DUNAIRE ELEM,133,1119
DEKALB,1069,DUNWOODY,722,1791
DEKALB,662,DUNWOODY HIGH,766,1428
DEKALB,779,DUNWOODY LIBRARY,1039,1818
DEKALB,2095,EAST LAKE ELEM,186,2281
DEKALB,787,EMBRY HILLS,508,1295
DEKALB,663,EMORY ROAD,124,787
DEKALB,1728,EMORY SOUTH,470,2198
DEKALB,2603,EPWORTH,281,2884
DEKALB,1222,EVANSDALE ELEM,510,1732
DEKALB,2250,FAIRINGTON ELEM,62,2312
DEKALB,1300,FERNBANK ELEM,320,1620
DEKALB,1130,FLAKES MILL FIRE STATION,29,1159
DEKALB,1705,FLAT ROCK ELEM,58,1763
DEKALB,1095,FLAT SHOALS,26,1121
DEKALB,1127,FLAT SHOALS ELEM,24,1151
DEKALB,1187,FLAT SHOALS LIBRARY,26,1213
DEKALB,2080,FLAT SHOALS PARKWAY,71,2151
DEKALB,1520,FREEDOM MIDDLE,161,1681
DEKALB,1303,GEORGETOWN SQUARE,851,2154
DEKALB,804,GLENHAVEN,71,875
DEKALB,559,GLENNWOOD - 04,77,636
DEKALB,718,GLENNWOOD - 05,104,822
DEKALB,965,GLENWOOD ROAD,56,1021
DEKALB,1756,GRESHAM ROAD,99,1855
DEKALB,1645,HAMBRICK ELEM,197,1842
DEKALB,940,HARRIS-MARGARET HARRIS ED,236,1176
DEKALB,2200,HARRIS-NARVIE J. HARRIS ELEM,40,2240
DEKALB,1677,HAWTHORNE ELEM,590,2267
DEKALB,1299,HENDERSON MILL ELEM,665,1964
DEKALB,722,HUGH HOWELL,561,1283
DEKALB,1310,HUNTLEY HILLS ELEM,503,1813
DEKALB,965,IDLEWOOD ELEM,258,1223
DEKALB,842,INDIAN CREEK ELEM,133,975
DEKALB,689,JOHNSON ESTATES,191,880
DEKALB,1398,JOLLY ELEM,246,1644
DEKALB,802,KELLEY CHAPEL ROAD,37,839
DEKALB,1492,KELLEY LAKE ELEM,44,1536
DEKALB,2801,KING-ML KING JR HIGH,64,2865
DEKALB,724,KINGSLEY ELEM,1042,1766
DEKALB,1185,KNOLLWOOD ELEM,46,1231
DEKALB,782,KITTREDGE ELEM,678,1460
DEKALB,1391,LAKESIDE HIGH,812,2203
DEKALB,1329,LAVISTA,474,1803
DEKALB,1016,LAVISTA ROAD,395,1411
DEKALB,1748,LIN-MARY LIN ELEM,297,2045
DEKALB,618,LITHONIA,51,669
DEKALB,1600,LITHONIA HIGH,33,1633
DEKALB,589,LIVSEY ELEM,454,1043
DEKALB,2298,MARBUT ELEM,51,2349
DEKALB,1686,MATHIS-BOB MATHIS ELEM,83,1769
DEKALB,1124,MCLENDON,217,1341
DEKALB,1124,MCNAIR ACADEMY,32,1156
DEKALB,2026,MCNAIR HIGH,130,2156
DEKALB,1221,MCNAIR MIDDLE,40,1261
DEKALB,1376,MCWILLIAMS,39,1415
DEKALB,1747,MEADOWVIEW ELEM,66,1813
DEKALB,1198,MEDLOCK ELEM,331,1529
DEKALB,1181,MEMORIAL SOUTH,74,1255
DEKALB,1727,METROPOLITAN,114,1841
DEKALB,724,MIDVALE ELEM,704,1428
DEKALB,1289,MIDVALE ROAD,591,1880
DEKALB,1289,MIDWAY ELEM,98,1387
DEKALB,1730,MILLER-ELDRIDGE L. MILLER ELEM,87,1817
DEKALB,1447,MILLER GROVE HIGH,40,1487
DEKALB,2004,MILLER GROVE MIDDLE,36,2040
DEKALB,1330,MILLER GROVE ROAD,47,1377
DEKALB,965,MONTCLAIR ELEM,142,1107
DEKALB,850,MONTGOMERY ELEM,736,1586
DEKALB,759,MONTREAL,289,1048
DEKALB,765,MT. VERNON EAST,1048,1813
DEKALB,761,MT. VERNON WEST,792,1553
DEKALB,860,NORTH DECATUR,157,1017
DEKALB,1072,NORTH HAIRSTON,121,1193
DEKALB,695,NORTH PEACHTREE,333,1028
DEKALB,683,NORTHLAKE,318,1001
DEKALB,1001,OAK GROVE ELEM,536,1537
DEKALB,2569,OAK VIEW ELEM,43,2612
DEKALB,701,OAKCLIFF ELEM,238,939
DEKALB,1856,OAKHURST,192,2048
DEKALB,829,PANOLA,51,880
DEKALB,1160,PANOLA ROAD,24,1184
DEKALB,970,PANOLA WAY ELEM,28,998
DEKALB,986,PEACHCREST ELEM,79,1065
DEKALB,1417,PEACHTREE MIDDLE,589,2006
DEKALB,352,PINE LAKE,47,399
DEKALB,911,PINEY GROVE,40,951
DEKALB,1661,PLEASANTDALE ELEM,329,1990
DEKALB,1507,PONCE DE LEON,178,1685
DEKALB,1296,PRINCETON ELEM,54,1350
DEKALB,2162,RAINBOW ELEM,76,2238
DEKALB,1707,REDAN ELEM,57,1764
DEKALB,1376,REDAN MIDDLE,70,1446
DEKALB,1427,REDAN ROAD,63,1490
DEKALB,2055,REDAN-TROTTI LIBRARY,57,2112
DEKALB,979,REHOBOTH,434,1413
DEKALB,1070,RENFROE MIDDLE,99,1169
DEKALB,1508,ROCK CHAPEL ELEM,72,1580
DEKALB,1989,ROCK CHAPEL ROAD,168,2157
DEKALB,1506,ROCKBRIDGE ELEM,136,1642
DEKALB,2145,ROCKBRIDGE ROAD,97,2242
DEKALB,1556,ROWLAND ELEM,108,1664
DEKALB,1044,ROWLAND ROAD,107,1151
DEKALB,1379,SAGAMORE HILLS ELEM,740,2119
DEKALB,2151,SALEM MIDDLE,68,2219
DEKALB,1305,SCOTT,303,1608
DEKALB,2464,SHADOW ROCK ELEM,116,2580
DEKALB,786,SHAMROCK,297,1083
DEKALB,1700,SHAW-ROBERT SHAW ELEM,247,1947
DEKALB,1560,SILVER LAKE,1332,2892
DEKALB,663,SKYLAND,515,1178
DEKALB,809,SMOKE RISE ELEM,678,1487
DEKALB,1091,SNAPFINGER ELEM,45,1136
DEKALB,1186,SNAPFINGER ROAD NORTH,52,1238
DEKALB,1190,SNAPFINGER ROAD SOUTH,47,1237
DEKALB,1918,SOUTH DESHON,51,1969
DEKALB,1890,SOUTH HAIRSTON,89,1979
DEKALB,1871,STEPHENSON HIGH,117,1988
DEKALB,2026,STEPHENSON MIDDLE,126,2152
DEKALB,1239,STONE MILL ELEM,87,1326
DEKALB,1231,STONE MOUNTAIN CHAMPION,158,1389
DEKALB,1030,STONE MOUNTAIN ELEM,408,1438
DEKALB,636,STONE MOUNTAIN LIBRARY,161,797
DEKALB,1036,STONE MOUNTAIN MIDDLE,87,1123
DEKALB,765,STONEVIEW ELEM,46,811
DEKALB,1403,TERRY MILL ELEM,56,1459
DEKALB,482,TILLY MILL ROAD,587,1069
DEKALB,920,TONEY ELEM,30,950
DEKALB,1134,TUCKER,871,2005
DEKALB,1119,TUCKER LIBRARY,543,1662
DEKALB,469,VALLEY BROOK,149,618
DEKALB,486,WADSWORTH ELEM - 05,2,488
DEKALB,1054,WADSWORTH ELEM - 04,36,1090
DEKALB,523,WARREN TECH,258,781
DEKALB,1881,WESLEY CHAPEL LIBRARY,51,1932
DEKALB,1327,WHITE OAK,43,1370
DEKALB,2006,WHITEFOORD ELEM,170,2176
DEKALB,1303,WINNONA PARK ELEM,135,1438
DEKALB,509,WINTERS CHAPEL,486,995
DEKALB,1799,WOODRIDGE ELEM,123,1922
DEKALB,3149,WOODROW ROAD,145,3294
DEKALB,974,WOODWARD ELEM,397,1371
DEKALB,2075,WYNBROOKE ELEM,128,2203
DEKALB,1143,YOUNG ROAD,35,1178
FULTON,1877,01A,172,2049
FULTON,2288,01B,242,2530
FULTON,576,01C,19,595
FULTON,265,01D,22,287
FULTON,2903,01E,283,3186
FULTON,436,01F,16,452
FULTON,375,01H,20,395
FULTON,1151,01J,40,1191
FULTON,573,01P,17,590
FULTON,553,01R,7,560
FULTON,793,01S,25,818
FULTON,692,01T,49,741
FULTON,1802,02A,453,2255
FULTON,1041,02B,178,1219
FULTON,1111,02C,89,1200
FULTON,2167,02D,239,2406
FULTON,1209,02E,152,1361
FULTON,1697,02F1,216,1913
FULTON,419,02F2,47,466
FULTON,1958,02G,247,2205
FULTON,1680,02J,203,1883
FULTON,819,02K,120,939
FULTON,2936,02L1,549,3485
FULTON,573,02L2,130,703
FULTON,390,02S,30,420
FULTON,219,02W,51,270
FULTON,757,03A,21,778
FULTON,201,03B,2,203
FULTON,733,03C,14,747
FULTON,389,03D,10,399
FULTON,878,03E,39,917
FULTON,932,03F,174,1106
FULTON,297,03G,6,303
FULTON,384,03H,9,393
FULTON,643,03I,120,763
FULTON,203,03L,10,213
FULTON,334,03M,87,421
FULTON,862,03N,35,897
FULTON,1577,03P1A,243,1820
FULTON,18,03P2,0,18
FULTON,334,03S,7,341
FULTON,707,03T,32,739
FULTON,491,04A,11,502
FULTON,923,04B,23,946
FULTON,64,04C,0,64
FULTON,710,04D,17,727
FULTON,845,04F,77,922
FULTON,304,04G,8,312
FULTON,490,04I,52,542
FULTON,398,04J,4,402
FULTON,1126,04K,34,1160
FULTON,721,04L,27,748
FULTON,318,04M,8,326
FULTON,1111,04S,23,1134
FULTON,540,04T,9,549
FULTON,1185,04V,20,1205
FULTON,648,04W,8,656
FULTON,911,04X1,28,939
FULTON,314,04X2,8,322
FULTON,1461,05A1,146,1607
FULTON,1499,05A2,119,1618
FULTON,841,05B,54,895
FULTON,61,05C,3,64
FULTON,98,05D,6,104
FULTON,71,05F,7,78
FULTON,345,05J,47,392
FULTON,1236,05K,84,1320
FULTON,1009,06B,197,1206
FULTON,4536,06D,1148,5684
FULTON,1206,06E,252,1458
FULTON,1451,06F,280,1731
FULTON,307,06G,53,360
FULTON,1440,06I,233,1673
FULTON,1481,06J,303,1784
FULTON,494,06L1,144,638
FULTON,336,06L2,132,468
FULTON,792,06N,340,1132
FULTON,243,06Q,35,278
FULTON,883,06R,210,1093
FULTON,2115,07A,1746,3861
FULTON,892,07B,1144,2036
FULTON,1295,07C,1149,2444
FULTON,1281,07D,988,2269
FULTON,896,07E,430,1326
FULTON,1092,07F,787,1879
FULTON,768,07H,588,1356
FULTON,1117,07J,606,1723
FULTON,774,07M,438,1212
FULTON,792,07N,188,980
FULTON,923,08A,939,1862
FULTON,979,08B,1217,2196
FULTON,326,08C,602,928
FULTON,280,08D,436,716
FULTON,835,08E,964,1799
FULTON,611,08F1,875,1486
FULTON,923,08G,671,1594
FULTON,845,08H,828,1673
FULTON,1045,08J,852,1897
FULTON,394,08K,258,652
FULTON,1670,08L,747,2417
FULTON,553,08M,691,1244
FULTON,226,08N1,313,539
FULTON,496,08N2,397,893
FULTON,632,08P,168,800
FULTON,1491,09A,464,1955
FULTON,196,09B,6,202
FULTON,1547,09C,33,1580
FULTON,909,09D,19,928
FULTON,1221,09E,49,1270
FULTON,1487,09F,967,2454
FULTON,1471,09G,398,1869
FULTON,465,09H,83,548
FULTON,516,09I,10,526
FULTON,1916,09K,59,1975
FULTON,992,09M,288,1280
FULTON,1709,10A,29,1738
FULTON,2492,10B,56,2548
FULTON,1249,10C,15,1264
FULTON,2035,10D,52,2087
FULTON,543,10E,8,551
FULTON,597,10F,18,615
FULTON,818,10G,21,839
FULTON,214,10H1,3,217
FULTON,1091,10H2,31,1122
FULTON,240,10I,10,250
FULTON,428,10J,11,439
FULTON,841,10K,32,873
FULTON,1216,10M,31,1247
FULTON,712,10P,17,729
FULTON,365,10R,8,373
FULTON,3022,11B,64,3086
FULTON,1873,11C,33,1906
FULTON,610,11E1,16,626
FULTON,495,11E2,6,501
FULTON,1707,11E3,37,1744
FULTON,968,11G,19,987
FULTON,346,11H,12,358
FULTON,986,11J,28,1014
FULTON,1077,11K,27,1104
FULTON,1567,11M,29,1596
FULTON,1374,11N,30,1404
FULTON,1010,11P,18,1028
FULTON,765,11R,16,781
FULTON,2373,12A,109,2482
FULTON,565,12D,11,576
FULTON,561,12E1,26,587
FULTON,436,12F,10,446
FULTON,423,12G,27,450
FULTON,1654,12H,45,1699
FULTON,421,12I,7,428
FULTON,1200,12J,26,1226
FULTON,1280,12K,63,1343
FULTON,251,12L,5,256
FULTON,1243,12M,29,1272
FULTON,359,12N,8,367
FULTON,904,12S,19,923
FULTON,578,AP01A,730,1308
FULTON,246,AP01B,203,449
FULTON,654,AP01C,830,1484
FULTON,292,AP01D,221,513
FULTON,109,AP02B,122,231
FULTON,297,AP03,94,391
FULTON,435,AP04A,727,1162
FULTON,137,AP04B,165,302
FULTON,1268,AP05,1788,3056
FULTON,484,AP06,733,1217
FULTON,960,AP07A,1088,2048
FULTON,459,AP07B,602,1061
FULTON,1317,AP09A,1363,2680
FULTON,299,AP09B,223,522
FULTON,874,AP021,1004,1878
FULTON,705,AP022,676,1381
FULTON,247,AP10,420,667
FULTON,257,AP12A,141,398
FULTON,255,AP12B,118,373
FULTON,352,AP12C,472,824
FULTON,837,AP13,913,1750
FULTON,932,AP14,1074,2006
FULTON,106,CH01,44,150
FULTON,133,CH02,181,314
FULTON,75,CH03,160,235
FULTON,185,CH04A,204,389
FULTON,49,CH05,211,260
FULTON,156,CP01B,72,228
FULTON,525,CP011,126,651
FULTON,585,CP012,163,748
FULTON,442,CP02,73,515
FULTON,22,CP04,2,24
FULTON,57,CP05B,1,58
FULTON,871,CP051,39,910
FULTON,210,CP06A,12,222
FULTON,432,CP07A,10,442
FULTON,132,CP081,4,136
FULTON,81,CP083,1,82
FULTON,200,CP08A,4,204
FULTON,2562,EP01,266,2828
FULTON,2620,EP02,274,2894
FULTON,3302,EP03,173,3475
FULTON,2540,EP04-05,84,2624
FULTON,1021,EP04-13,17,1038
FULTON,4169,FA01A,596,4765
FULTON,355,FA01B,20,375
FULTON,1196,HP01,492,1688
FULTON,1857,JC01,1316,3173
FULTON,720,JC02,694,1414
FULTON,195,JC03A,198,393
FULTON,547,JC03B,373,920
FULTON,1403,JC04A,1379,2782
FULTON,91,JC04B,74,165
FULTON,735,JC05,649,1384
FULTON,709,JC06,1023,1732
FULTON,1387,JC07,1205,2592
FULTON,864,JC08,952,1816
FULTON,1054,JC09,802,1856
FULTON,796,JC10,616,1412
FULTON,895,JC11,1223,2118
FULTON,577,JC12,1174,1751
FULTON,448,JC13A,1008,1456
FULTON,37,JC13B,153,190
FULTON,705,JC14,1000,1705
FULTON,294,JC15,201,495
FULTON,796,JC16,905,1701
FULTON,790,JC18,1096,1886
FULTON,1232,JC19,1228,2460
FULTON,625,ML011,981,1606
FULTON,103,ML012,232,335
FULTON,19,ML01B,37,56
FULTON,300,ML021,938,1238
FULTON,35,ML022,104,139
FULTON,264,ML023,715,979
FULTON,16,ML024,57,73
FULTON,743,ML03,1790,2533
FULTON,431,ML04A,735,1166
FULTON,248,ML04B,564,812
FULTON,18,ML04C,52,70
FULTON,17,ML05A,13,30
FULTON,83,ML05B,185,268
FULTON,1241,ML05C,1410,2651
FULTON,681,ML06A,366,1047
FULTON,1031,ML06B,708,1739
FULTON,32,ML071,45,77
FULTON,218,ML072,546,764
FULTON,135,ML07A,330,465
FULTON,160,MP01,149,309
FULTON,1073,PA01,389,1462
FULTON,1248,RW01,2033,3281
FULTON,1231,RW02,1444,2675
FULTON,1433,RW03,1186,2619
FULTON,599,RW04,672,1271
FULTON,707,RW05,423,1130
FULTON,932,RW06,921,1853
FULTON,526,RW07A,111,637
FULTON,169,RW07B,63,232
FULTON,523,RW08,955,1478
FULTON,1394,RW09,2745,4139
FULTON,932,RW10,1357,2289
FULTON,823,RW11A,819,1642
FULTON,1617,RW12,2547,4164
FULTON,1057,RW13,1282,2339
FULTON,559,RW16,744,1303
FULTON,965,RW17,659,1624
FULTON,569,RW19,855,1424
FULTON,859,RW20,1038,1897
FULTON,816,RW21,1323,2139
FULTON,1393,RW22A,937,2330
FULTON,2705,SC01B,86,2791
FULTON,622,SC02,20,642
FULTON,390,SC04,221,611
FULTON,419,SC05A,8,427
FULTON,2015,SC05B,67,2082
FULTON,1494,SC05D,134,1628
FULTON,3056,SC07A,348,3404
FULTON,1906,SC08B,63,1969
FULTON,56,SC08C,0,56
FULTON,316,SC08D,7,323
FULTON,273,SC08E,1,274
FULTON,360,SC08F,19,379
FULTON,2,SC08G,0,2
FULTON,1731,SC09A,79,1810
FULTON,1036,SC09B,32,1068
FULTON,780,SC10,27,807
FULTON,825,SC11A,23,848
FULTON,927,SC11B,24,951
FULTON,1477,SC13,85,1562
FULTON,523,SC14,18,541
FULTON,3893,SC15,168,4061
FULTON,2858,SC16,62,2920
FULTON,35,SC17A,0,35
FULTON,644,SC17C,28,672
FULTON,304,SC18A,11,315
FULTON,3178,SC18B,101,3279
FULTON,111,SC19A,3,114
FULTON,691,SC19B,23,714
FULTON,743,SC211,29,772
FULTON,1740,SC212,112,1852
FULTON,2943,SC23A,92,3035
FULTON,293,SC23B,8,301
FULTON,1274,SC27,40,1314
FULTON,1626,SC29A,51,1677
FULTON,88,SC30A,2,90
FULTON,568,SC30B,10,578
FULTON,851,SS01,1276,2127
FULTON,409,SS02A,315,724
FULTON,539,SS02B,195,734
FULTON,487,SS03,427,914
FULTON,1212,SS04,672,1884
FULTON,650,SS05,657,1307
FULTON,451,SS06,515,966
FULTON,262,SS07A,360,622
FULTON,177,SS07B,152,329
FULTON,246,SS07C,233,479
FULTON,497,SS08A,265,762
FULTON,209,SS08B,209,418
FULTON,229,SS08C,133,362
FULTON,430,SS08D,280,710
FULTON,965,SS09A,1121,2086
FULTON,1114,SS09B,1265,2379
FULTON,1372,SS11A,907,2279
FULTON,488,SS11B,221,709
FULTON,117,SS11C,33,150
FULTON,103,SS11D,130,233
FULTON,886,SS12,834,1720
FULTON,482,SS13A,460,942
FULTON,302,SS13B,237,539
FULTON,386,SS14,577,963
FULTON,968,SS15A,195,1163
FULTON,605,SS15B,308,913
FULTON,653,SS16,833,1486
FULTON,1080,SS17,1169,2249
FULTON,224,SS18A,245,469
FULTON,78,SS18B,97,175
FULTON,1250,SS19A,447,1697
FULTON,906,SS19B,334,1240
FULTON,739,SS20,392,1131
FULTON,972,SS22,653,1625
FULTON,449,SS25,622,1071
FULTON,1477,SS26,331,1808
FULTON,964,SS29A,680,1644
FULTON,379,SS31,330,709
FULTON,1691,UC01A,81,1772
FULTON,203,UC01B,3,206
FULTON,69,UC01E,2,71
FULTON,3868,UC02A,167,4035
FULTON,10,UC02B,6,16
FULTON,1010,UC031,281,1291
FULTON,76,UC032,13,89
GWINNETT,1465,HARBINS A,2020,3485
GWINNETT,1695,ROCKBRIDGE A,538,2233
GWINNETT,1363,DACULA,1300,2663
GWINNETT,435,SUWANEE A,464,899
GWINNETT,754,BAYCREEK A,1010,1764
GWINNETT,1206,GOODWINS A,938,2144
GWINNETT,1462,DULUTH A,1301,2763
GWINNETT,812,DUNCANS A,2105,2917
GWINNETT,876,PUCKETTS A,2132,3008
GWINNETT,520,CATES A,932,1452
GWINNETT,836,BERKSHIRE A,381,1217
GWINNETT,2085,BERKSHIRE B,709,2794
GWINNETT,496,DUNCANS C,1506,2002
GWINNETT,886,GARNERS A,1321,2207
GWINNETT,1025,LAWRENCEVILLE A,884,1909
GWINNETT,1744,LAWRENCEVILLE B,924,2668
GWINNETT,1226,MARTINS A,362,1588
GWINNETT,1079,MARTINS B,561,1640
GWINNETT,812,MARTINS C,610,1422
GWINNETT,987,PINCKNEYVILLE A,237,1224
GWINNETT,1110,PINCKNEYVILLE B,359,1469
GWINNETT,622,PINCKNEYVILLE C,611,1233
GWINNETT,723,PINCKNEYVILLE D,190,913
GWINNETT,791,SUGAR HILL A,1235,2026
GWINNETT,1038,SUGAR HILL B,1639,2677
GWINNETT,1345,HOG MOUNTAIN A,1172,2517
GWINNETT,1093,HOG MOUNTAIN B,1763,2856
GWINNETT,1296,ROCKYCREEK A,1931,3227
GWINNETT,370,CATES B,678,1048
GWINNETT,960,CATES C,677,1637
GWINNETT,703,HOG MOUNTAIN D,1105,1808
GWINNETT,833,BERKSHIRE D,927,1760
GWINNETT,596,BERKSHIRE E,710,1306
GWINNETT,621,BERKSHIRE F,408,1029
GWINNETT,735,CATES D,913,1648
GWINNETT,190,035 Cates D - 04,179,369
GWINNETT,867,CATES E,1009,1876
GWINNETT,760,PINCKNEYVILLE E,199,959
GWINNETT,693,PINCKNEYVILLE F,291,984
GWINNETT,1024,DUNCANS D,2670,3694
GWINNETT,1341,PINCKNEYVILLE H,1158,2499
GWINNETT,2056,BAYCREEK B,1184,3240
GWINNETT,621,LAWRENCEVILLE C,1064,1685
GWINNETT,794,MARTINS D,162,956
GWINNETT,1618,ROCKBRIDGE B,617,2235
GWINNETT,1216,GARNERS B,711,1927
GWINNETT,399,CATES F,788,1187
GWINNETT,641,CATES G,1217,1858
GWINNETT,865,DULUTH B,1016,1881
GWINNETT,593,GARNERS C,551,1144
GWINNETT,981,PINCKNEYVILLE I,310,1291
GWINNETT,958,PINCKNEYVILLE J,172,1130
GWINNETT,691,BERKSHIRE G,792,1483
GWINNETT,1294,CATES H,683,1977
GWINNETT,982,SUGAR HILL C,1905,2887
GWINNETT,834,SUGAR HILL D,1402,2236
GWINNETT,691,DULUTH C,622,1313
GWINNETT,1378,DULUTH D,874,2252
GWINNETT,1311,PINCKNEYVILLE K,349,1660
GWINNETT,1395,PINCKNEYVILLE N,315,1710
GWINNETT,1732,LAWRENCEVILLE D,547,2279
GWINNETT,630,LAWRENCEVILLE E,819,1449
GWINNETT,621,PINCKNEYVILLE L,1034,1655
GWINNETT,648,PINCKNEYVILLE M,1120,1768
GWINNETT,1332,GARNERS D,534,1866
GWINNETT,582,BERKSHIRE H,317,899
GWINNETT,1323,PINCKNEYVILLE O,346,1669
GWINNETT,1321,PUCKETTS E,1516,2837
GWINNETT,1102,CATES I,1109,2211
GWINNETT,1102,CATES J,908,2010
GWINNETT,930,GOODWINS B,1418,2348
GWINNETT,1625,LAWRENCEVILLE F,605,2230
GWINNETT,2166,MARTINS E,288,2454
GWINNETT,664,PINCKNEYVILLE P,591,1255
GWINNETT,753,PINCKNEYVILLE Q,127,880
GWINNETT,2297,ROCKBRIDGE C,646,2943
GWINNETT,1558,ROCKBRIDGE D,651,2209
GWINNETT,1751,GOODWINS C,1030,2781
GWINNETT,1109,BAYCREEK K,1156,2265
GWINNETT,623,CATES K,929,1552
GWINNETT,2112,BAYCREEK C,1558,3670
GWINNETT,1338,CATES L,1072,2410
GWINNETT,1652,DULUTH E,779,2431
GWINNETT,1157,GOODWINS D,1161,2318
GWINNETT,1154,LAWRENCEVILLE G,426,1580
GWINNETT,1070,LAWRENCEVILLE H,1421,2491
GWINNETT,911,MARTINS F,304,1215
GWINNETT,999,PINCKNEYVILLE S,586,1585
GWINNETT,1768,ROCKBRIDGE E,568,2336
GWINNETT,662,SUGAR HILL E,1092,1754
GWINNETT,1069,LAWRENCEVILLE I,721,1790
GWINNETT,1254,BAYCREEK D,1543,2797
GWINNETT,800,BERKSHIRE J,1027,1827
GWINNETT,1017,CATES M,1580,2597
GWINNETT,502,CATES N,1193,1695
GWINNETT,1850,DULUTH F,576,2426
GWINNETT,759,DULUTH G,969,1728
GWINNETT,1468,GOODWINS E,1500,2968
GWINNETT,903,GOODWINS F,843,1746
GWINNETT,918,PINCKNEYVILLE T,651,1569
GWINNETT,1075,SUWANEE B,1349,2424
GWINNETT,700,PINCKNEYVILLE U,459,1159
GWINNETT,579,PUCKETTS B,1278,1857
GWINNETT,1164,BERKSHIRE L,395,1559
GWINNETT,2635,ROCKBRIDGE F,711,3346
GWINNETT,864,SUGAR HILL F,1372,2236
GWINNETT,1213,SUWANEE C,1502,2715
GWINNETT,381,CATES O,487,868
GWINNETT,869,BAYCREEK E,895,1764
GWINNETT,459,BERKSHIRE M,602,1061
GWINNETT,856,MARTINS G,339,1195
GWINNETT,778,DULUTH H,779,1557
GWINNETT,834,BERKSHIRE N,1198,2032
GWINNETT,540,PINCKNEYVILLE V,294,834
GWINNETT,1243,PINCKNEYVILLE W,856,2099
GWINNETT,1584,MARTINS H,817,2401
GWINNETT,1356,MARTINS I,431,1787
GWINNETT,1518,MARTINS J,387,1905
GWINNETT,465,GARNERS F,520,985
GWINNETT,660,BERKSHIRE O,983,1643
GWINNETT,408,BERKSHIRE P,284,692
GWINNETT,1026,PINCKNEYVILLE X,1013,2039
GWINNETT,2422,ROCKBRIDGE G,676,3098
GWINNETT,1207,PINCKNEYVILLE Y,286,1493
GWINNETT,929,GOODWINS G,430,1359
GWINNETT,477,PINCKNEYVILLE Z,857,1334
GWINNETT,719,PINCKNEYVILLE A1,1156,1875
GWINNETT,723,LAWRENCEVILLE J,400,1123
GWINNETT,812,GOODWINS H,794,1606
GWINNETT,765,DUNCANS B,2114,2879
GWINNETT,942,SUWANEE D,1885,2827
GWINNETT,927,SUWANEE E,1593,2520
GWINNETT,882,LAWRENCEVILLE K,1049,1931
GWINNETT,893,HARBINS B,1682,2575
GWINNETT,1561,BAYCREEK F,981,2542
GWINNETT,614,PUCKETTS C,1177,1791
GWINNETT,905,HOG MOUNTAIN C,1365,2270
GWINNETT,1147,ROCKYCREEK B,1801,2948
GWINNETT,1211,DULUTH I,1504,2715
GWINNETT,2085,MARTINS K,611,2696
GWINNETT,713,SUWANEE H,1619,2332
GWINNETT,608,SUGAR HILL G,1134,1742
GWINNETT,1053,SUWANEE F,1171,2224
GWINNETT,1589,LAWRENCEVILLE L,1183,2772
GWINNETT,2368,LAWRENCEVILLE M,692,3060
GWINNETT,1632,BAYCREEK G,1315,2947
GWINNETT,1288,BAYCREEK H,2087,3375
GWINNETT,1793,BAYCREEK I,1337,3130
GWINNETT,464,BERKSHIRE Q,587,1051
GWINNETT,728,GOODWINS I,894,1622
GWINNETT,876,DULUTH K,244,1120
GWINNETT,464,HARBINS C,1074,1538
GWINNETT,1229,ROCKYCREEK C,1778,3007
GWINNETT,647,LAWRENCEVILLE N,562,1209
GWINNETT,612,PUCKETTS D,1368,1980
GWINNETT,980,SUWANEE G,1103,2083
GWINNETT,1566,BAYCREEK J,949,2515
